212.50993959957987 170.46204913261354 0
278.21464691967645 391.70001382204316 0
20.50718804459541 35.669022373784784 0
212.54761751502795 390.52210855383674 0
337.97892781552724 144.47118207268915 1
20.582759696579494 232.02250019703115 1
334.86213891894295 310.7940772065602 0
196.40290867376441 319.68365121399273 0
214.8592784978477 393.23430990296964 0
378.6832555178984 215.22851856663698 0
95.97378611098193 111.39601516357743 0
95.176556741227 104.98085797902303 0
142.40595880610294 121.5612382079313 0
72.73778984471701 94.95372743309608 0
83.23828582102769 113.36335101988607 0
129.23923041474467 106.17203652320242 0
109.72085778633331 106.51932118557232 0
139.02524374430268 137.49995263074058 0
140.78366169194402 139.1160403960737 0
120.13884002895406 57.147971897888226 0
60.623288745319584 135.07810030096135 0
92.06604266693472 79.11024835665214 1
68.40046618082685 106.70315608937032 0
78.63822585738598 87.9783585335434 0
135.9879243211063 128.68023133418237 0
139.34832097618474 133.46590017939565 0
83.64541923284779 81.01371935254184 0
85.7095606530045 62.60998015491475 0
126.05671512755477 95.71333792051837 0
96.30782177180131 58.317810529236056 1
263.26479836045814 306.69669224910325 0
284.59479972298175 342.9707609513802 0
337.30313887256773 318.6157780803582 0
271.0561238929009 339.1857115800741 0
255.5320575821329 302.85792581792674 0
288.7162468252489 282.6455376567264 1
265.8617606307408 291.58872425424073 0
278.127172483404 278.57292607962427 0
342.030103889121 332.1740332618551 0
261.8920881643517 343.5097008052012 1
321.3855982360483 307.3860710789998 0
328.2455542061905 332.3443922726846 0
274.3269862989743 323.710304515864 0
272.34467136550467 290.322227862128 0
315.956602895243 323.32686270359767 0
305.07616412171643 325.5107411045444 0
329.3692933023644 275.2635303276972 0
306.53493031740595 297.1981337909074 0
319.75634466832287 329.6299854742177 1
310.535332524459 343.1073474982363 0
