255.68081326342335 66.05447034692094 1
194.09546174883906 29.64255275419029 0
194.41172245823086 6.327810220414694 1
96.16357810241786 1.1019838301417977 0
180.3177220864668 29.400827300118912 0
202.42723916972318 13.376788227145983 0
191.34420283465911 28.281806133755353 0
212.20144733347834 28.51491609792564 0
189.40971409566845 39.67953762714342 0
179.02116793891307 32.52533575182776 0
201.70574884219093 22.26463137827971 0
198.35370548970624 17.61010153977351 0
155.166602149938 73.7751837855443 0
212.3127985412566 37.826186389562615 0
206.29194626091854 22.681897303981792 0
200.95482833026298 23.351332118960336 0
188.66761807305866 67.31135993560636 0
205.7420184215812 21.00420674033702 0
203.9467788374894 24.82948050744728 0
199.21634895517408 20.32041531272249 0
224.23299887835003 104.28300284897563 0
148.91562852285827 69.24685142590708 0
231.47301646326852 183.9144831869892 0
210.08896736510684 8.804507016745797 0
132.5066027304428 42.190484717881056 0
85.90336104099376 93.69160714620924 0
181.2774703496546 38.86019052260875 0
202.6474313017651 21.859883267752338 1
164.0575749566871 16.51053392737513 1
229.6368783636673 16.030812057040528 1
203.46474811947814 22.049295280065316 0
268.2737612511827 78.62496876359697 0
140.52316010355463 136.12216652749626 0
190.6182475971582 34.575035340149874 0
274.7863232565395 33.28970342443452 0
203.49808267172563 21.88079206307686 0
9.49303315743768 14.333907104343293 0
158.9575773623411 7.052777050963254 0
198.01321119860233 2.890799985652855 0
200.600387771698 19.8080435149483 0
84.48673200674908 239.91680453063606 0
222.14020608255106 32.32319102898547 0
202.9541869340857 24.53783688983085 0
268.29843450370515 180.06373206037998 0
198.63536198995592 20.179014930473812 1
214.48732764016552 42.87424388516901 0
200.87979525635993 18.822591164122244 0
197.43473877762395 23.738223661438287 0
41.13830035889981 171.3626229957235 0
212.53631355449954 23.38177952489366 0
219.26136710696642 1.5936346298324366 0
111.26277970471305 13.929509674770337 0
201.348699432495 18.29291771818886 0
273.1521180802205 10.962137210529503 0
213.99794806941864 23.681911073656607 0
275.87416291174975 41.60106685458699 0
197.26555253367843 19.632131693810496 0
229.3312214955912 14.938193000831864 0
334.20118765879715 157.5135669716496 0
201.70204562445596 14.429847197654203 0
236.9535807650709 56.85914926808324 0
374.3127246683152 7.166103444062971 0
197.61021200551224 22.07804376247703 0
160.08719240292558 54.03888802880169 1
202.6160863411547 19.84901379123447 0
222.95762964856814 37.10165997167344 0
188.67247616522172 18.95711936968705 1
171.39089902027496 55.05916036921671 0
167.24169604391935 22.67106996489791 0
216.30858856214147 22.37380345703457 0
90.95048064460505 17.024726549070724 0
216.6236226988846 77.57234744947034 0
198.16565075176874 23.47602501615241 0
132.34068287689078 22.387806491176477 0
198.94664961607631 25.478352981970055 0
327.2089531637547 153.40250143072768 0
193.72361753121228 57.01165683670696 0
200.3516700406577 18.778999606746783 0
199.289537311732 26.728653986701268 1
201.3655143893572 20.63244256242859 0
279.5874607068995 35.76464142759529 0
165.69345202605342 11.676468207803623 0
199.60129727020825 48.96528863872331 0
167.94467180270672 12.077768766890882 0
276.4893392162998 174.84598600571607 0
295.3187268586106 48.7762467335353 0
191.77987453675522 24.56813410225498 1
269.16336038952784 142.48077596489009 0
202.73607740935608 9.746407122280392 0
205.0363183647224 19.767107519228492 0
172.81929806680768 26.679970849899824 0
201.6044699012051 21.989025648416106 0
312.1506517318221 18.614195890798605 0
201.27191397619575 16.00168674756431 0
199.35941843353518 5.253542454609722 0
207.2380722339947 22.348145534073925 0
206.58325703318758 35.4464700973143 0
209.88235236808774 22.279013390387178 0
225.666464805493 46.27918131273968 0
203.47834833963228 28.444398870341313 0
175.0618972058969 66.31518145755568 0
216.66202721907635 85.50837528273706 0
233.20988534282614 56.63746935348169 0
307.19581358037794 8.901793146974695 0
318.8402135156575 211.9843753536459 1
233.4654884024933 37.71620724854777 0
180.92353856294187 19.45631972543129 0
228.54994076050986 36.132149227694924 0
196.91304663517332 25.362626205129352 0
202.44056989524628 57.48588449281429 0
153.09841658843942 385.41049750432194 0
203.47084694536795 24.289769052500798 0
196.32593888640346 16.507954960683417 1
200.77931744395337 66.21120279637898 0
243.33440028361397 121.62188983373913 1
219.69113136914476 29.117159109604707 0
222.65850243910967 14.878596808064799 0
221.25114403474907 21.53843541438709 0
234.02966584659754 12.456445229994328 0
205.8755826157097 21.540640773625455 0
214.84633121340414 24.940965541992984 0
196.10034740380414 12.003433177531608 0
207.43510904320937 16.19086477076051 0
75.99623088039276 26.478154213343124 0
223.3980918344977 111.46166136581296 0
197.99575777905915 22.248812783819588 0
319.00550150285153 22.72505939498266 0
188.25538475898045 18.152262197915633 0
207.5204441443154 14.840149540102214 0
204.65148522713366 27.62716479389345 0
200.66586552115467 27.366264277020836 0
240.41397094514812 34.81210930150832 0
201.33013776433873 24.613581442160505 0
202.29293299311982 19.79383930943292 0
263.60950234873485 40.8259505301242 0
149.56584077344309 22.8831247828998 0
197.92548977204538 9.280967957336083 0
251.08243217135114 26.621341518466178 0
208.42319434002462 27.114762069840037 0
309.042926843292 12.209301737213135 0
216.3828536731783 12.107747013826911 0
194.2817919931584 35.4041273837269 0
219.0816486896518 133.9102106476681 0
200.32660488481918 18.025228988567612 1
211.03741729442078 9.707909567205625 0
239.66114783167419 17.73963057399092 0
137.85913156644762 53.25157737756076 0
211.28078682863526 41.10367807977279 0
134.4552269017456 20.566667032620458 0
187.81317413337456 47.72002926499546 0
248.33590069547597 4.261973569449918 0
249.31416994336237 88.12317171656024 0
280.1626133938961 135.35084205000626 0
202.75125624668118 21.89470034100881 1
201.13932658708563 19.92692950933556 0
279.76588871033573 53.92955827952039 0
130.76910671513411 52.55374872372141 0
209.955021722016 17.671907471148543 0
343.02984059611555 311.6551144183988 0
140.69969858246813 31.359148835838628 0
170.70078321938132 29.396911856614693 0
192.86987721607144 38.940753283611286 0
193.86226101501737 11.257439399602564 0
165.1410675844691 70.47434401233066 0
234.99954324288814 34.186106647515395 0
242.7486453529616 83.52933770749284 1
17.968599749513743 111.50790774164724 0
139.02130301205065 73.0344228030195 0
230.61961379777605 0.7659044891142877 0
152.5871706257576 96.63294992819567 0
192.9500605532149 8.516081516599908 0
236.1010953499283 12.781326468248757 0
193.4918729847813 17.492129308374434 0
192.80715182721124 8.801718741419416 0
143.35400351757136 37.233496690599196 0
204.37551091898652 24.21504463502573 0
241.76110257780056 47.214953405701834 0
205.85648664649918 22.28147054847622 0
170.0204622307781 44.515712467092484 1
191.34970514063633 33.38770911033279 0
160.50287066716152 37.32619854388254 1
201.81113391967094 22.03126271446199 0
200.1700592330015 16.873667754285847 0
203.62666543061079 24.800368687047502 0
203.9410973873987 18.347730404428482 0
81.53097454332669 213.59421707740114 0
285.9477450916355 139.23208459627347 0
203.13200715660037 25.917466868896465 0
334.5078012741101 301.055825494497 0
102.48876585829055 87.53189461756244 0
209.43502251973567 24.625367830971257 0
229.68975310811112 0.16668747726405897 0
228.4269484429178 14.439551102374551 0
200.44820204663205 30.111227421599207 1
199.4303725475876 21.720143714651257 0
152.73246637323007 61.618048428054465 0
203.6804830628307 26.32456899845051 1
203.90773912630425 22.145145946859323 0
205.81196514032914 18.18785254838389 0
212.73578145811987 21.07988911228797 0
54.93025023545346 68.49144922942314 0
203.11042730301176 22.947709052673503 0
197.48689702013775 186.7963982414979 0
136.70015590134437 46.38196067424365 0
197.09938455538895 19.632630415467222 0
206.9390903144004 29.677832956007165 0
253.3843883036704 17.935359333461555 0
161.6601497783311 15.553295138041586 0
227.51595564876243 35.58291255447554 0
235.43725517982037 23.26543555467848 0
364.9047273472079 67.469573979098 0
162.40817362819655 65.15360565521797 0
205.06354896773786 16.183916916622568 0
208.41831691268445 19.32772414119172 0
208.77296524274854 20.18361958239563 0
229.0962992151717 27.321307057071575 0
290.45243815187405 122.51694656243417 0
193.02892317099946 91.71542746581011 0
213.61568819039178 18.812380766826408 1
97.05777616011234 217.89087054035684 0
208.66052612300797 16.288219443322802 0
197.67671156493293 25.58060191078807 0
146.08826893489382 39.31490362962441 0
