393.6222206460957 171.76086024752337 0
154.67572345142253 275.8661688894808 0
372.57756370016443 341.3107930919087 1
168.20623282419865 252.43781431129736 0
114.2512500934923 254.16511894340877 0
146.98603134874165 326.0388994362558 0
69.03043630975004 392.90233235047344 0
283.7864239270497 344.98355480686064 0
347.19837303183215 219.8970676681076 0
285.8813132438474 221.0942375810551 0
226.0819965348343 311.77937032377287 0
106.68652192861545 282.9225775495731 0
278.83965735428063 29.191422496820394 0
5.629020913910381 176.5953136687734 0
324.8571758028518 46.78806443971633 0
338.41429603896336 72.14547490534068 0
119.45201151216922 26.8807309403718 1
44.50740644781157 24.595982270178226 0
252.49955557913216 303.11098434861276 0
175.91550465726831 82.64321706158202 0
387.78239496709347 106.73931370177232 0
95.69671674310608 91.3504966039916 0
68.47694360097569 255.77935831548263 0
240.64791333948276 21.24284556223364 0
58.127600590935735 270.31748736344053 0
380.6805555985243 142.4800321343288 0
315.8826014324228 89.50376503654755 0
273.1262285992216 343.26630213758864 0
306.72159901900284 65.72804390628444 0
27.388683340938492 35.70797917063929 0
244.14751648438295 128.95376627812584 0
227.955996626848 331.5185548694765 0
22.12499540654001 326.7029408378065 0
215.97045629345266 140.66112648928467 0
64.34989669732548 304.1898042064364 0
359.25354752813837 143.23668853427074 0
78.68878058679336 11.028181223895533 0
282.49684228470346 290.94775266466564 0
79.14490756040314 147.4607572413167 0
100.72000878671298 290.1167985179926 0
353.5397381432682 234.2523244965839 0
236.1301402233642 370.8811327958817 0
388.0723652679686 93.90465358113842 0
322.3791332080146 190.16332711552434 0
135.9155542050905 287.19337949340746 0
97.9189133640313 378.4108030370754 1
258.10093698126605 104.70189626831957 0
132.50616379035432 21.932405394062528 0
