17.294070735585787 137.7333153844625 0
325.6496315869197 390.71056380877815 2
190.58390450789597 251.20830646447763 0
316.69456647624327 297.94877281142135 0
9.37165316871448 340.8558005337897 0
15.432722221846511 264.789399352679 0
285.47911779524037 255.39838992270296 2
330.7771446528468 36.37633297124799 2
377.9109602300456 383.67957647033546 1
379.8711228850899 337.3801197442231 0
7.327565592992861 316.17980710997904 0
174.01439841507977 110.05674259919508 1
134.83076566380853 61.92372641747611 0
23.84697674721803 243.2462526586665 1
272.4367445022818 269.719463995813 0
44.70518403212924 392.0324171621761 1
160.08586615435942 157.69088172688657 1
21.5900960221392 31.629257812017414 0
6.026994257478981 105.39379309044755 1
112.80728591923517 218.7008040128199 0
135.7701410539017 13.089455909971 0
171.21951730277237 262.03967925542895 1
150.7980632340497 365.93046721707907 0
94.3610649409899 75.4221739054206 0
138.89250263080902 325.68473857648473 0
294.1386231457025 76.43382057442723 0
266.76179082218806 228.47608603266352 0
245.6676327061875 208.48041873613343 1
217.39374794530528 252.5919187684593 0
166.8621900475813 359.97108296642205 2
387.87595150862046 160.99444715944935 2
350.28271785381384 319.4394502293457 1
303.7304921913447 336.12753372963965 2
335.45370578159816 350.8928764715967 2
251.4259989802713 260.22052661836005 0
104.53988187745153 199.88232930003971 2
357.6297570883075 373.314467135025 0
220.90515094402133 37.820130660827594 0
358.1566536446063 138.85880439473195 2
165.48789406901255 306.9501360820516 1
281.7032911926861 235.52761585184007 0
221.76269007344328 270.8273913199004 0
117.94329364833638 228.6980122612438 1
53.664919455764625 300.89449753504283 0
373.9288410448717 331.0592860684428 0
17.237398049123918 380.106928928326 1
276.4549011268761 366.73422383692645 2
284.96404954144765 183.5920128876632 1
97.96676728967044 217.30281067502997 2
266.0695670378994 344.6919639977348 1
357.82462231315753 178.5692491533861 0
213.73937042498656 162.0574875381377 1
240.09829489841331 255.09567265194838 1
314.0911868676888 69.47830000497392 0
276.75170888957047 121.51807239152039 1
141.7601857041504 23.66696930536904 2
357.4508813678194 337.0124475534003 0
12.264039794302466 279.6196821189226 0
101.63494266860803 184.61742980808896 2
139.9829626524744 334.9217698879586 1
55.66374258106383 143.23343286355612 2
51.06518637686174 114.88486673066673 2
134.20441179744958 292.45893297645296 0
290.11743484613214 115.54910913665962 2
285.71659147496376 105.46190933409399 2
57.46155157737071 181.70709470344963 1
29.64872854505152 98.40860434427017 2
7.081100681682395 334.23839398459324 0
62.44858845649441 221.65425514571805 1
86.6023810193535 270.0726976368348 1
157.12512867219962 157.31481378013697 1
294.21406051405523 304.01613121122864 2
321.5678947344088 175.4989230002254 0
301.6823306514834 20.27040140891026 1
183.1489005494213 281.564213640562 2
10.31656741223636 264.2113813299529 2
42.371518567209996 139.7432928314483 2
56.52558043081055 357.9008105674098 2
218.39433242002838 164.7964792829702 0
147.142384162975 256.0819456153494 1
270.0226433087745 191.51585296167966 1
367.67604834370087 25.38686738184838 0
218.58373042489347 166.54524311745465 2
12.038444727465063 211.28114052422185 2
65.72592816885803 115.1477884221628 0
260.71222039552964 350.99865418511797 2
108.05550128409281 211.48492057764787 2
44.702480069208285 276.2452566542334 1
388.34786672637597 305.3879222990308 0
296.41621294437505 350.18903805516743 1
33.68599916880288 70.86649256441594 2
314.4121947571306 147.47562934736155 0
277.01547552577006 195.43910207994966 2
113.49761990198719 245.6713664494222 2
182.75880555665705 390.72713965854473 1
200.56921560961092 168.01494670615998 2
233.12790453264407 326.47763940901973 0
21.339616880906227 72.35532323054146 2
11.492059958868658 230.10090873871385 0
249.9125716756574 367.9268204933985 1
237.40057947250926 64.02604116300428 2
373.07491171551976 85.22024038913884 2
102.71610802111091 30.884450195496033 1
26.264035376225767 102.75528585037564 1
30.810721117854733 131.60256046608998 2
389.94251171472393 237.78288153859415 0
261.58698798897905 90.88213370803832 1
373.6511076390327 340.477654836899 2
307.2650576303799 244.79785677875716 0
128.115602169329 229.29358762607458 2
225.14806463921488 336.0016904879698 2
50.745786867057895 202.52549831566657 0
391.0831791154863 269.10335582868373 0
14.450346979677365 260.28856712296016 1
49.237299181908384 63.948318282352595 2
186.34880433686394 273.3011586420371 0
179.0399109791579 75.0717000363245 0
385.63286169733135 197.37696164371658 0
69.63095966440245 161.11766256358933 2
75.03598386199042 148.68193554880384 0
341.35105752503017 306.5598014074412 1
231.36482773511136 16.069894919279477 1
220.13970222017414 14.13513611674285 0
314.63775208598054 247.83205095567425 1
228.65721109203528 212.98606790301682 1
357.17729461786325 366.20294577032416 0
55.520649531315094 85.48290928418508 2
378.3565319665929 278.4255679787798 0
124.9935776817044 76.52407342447712 2
279.13685545489875 370.8600153389703 2
171.75849550256166 18.92770762482635 2
65.2431279844075 343.35223144240604 1
103.70246713023357 368.95500825763145 2
34.34437598196787 107.47889458691766 2
179.78544550002846 189.05377514805255 1
333.2043736978629 113.57013829302036 2
133.65115393800963 314.0565017561016 1
84.54390536277377 151.90126766002456 2
312.2631393948739 86.97607823137307 0
40.97121745964142 65.74007558308641 0
146.3284545022395 354.3145157582637 1
381.99673899442627 7.730877771409354 1
344.5640659286589 253.11040779865115 1
378.9756308085519 227.3878013561315 0
389.93867937573793 328.3024806836656 2
58.16149131929694 126.53750202498544 2
172.75888721578536 29.123302542720698 1
304.1190662124103 297.68344012375326 0
360.0252480286069 120.75436528549795 1
104.1830484909174 296.9947955971117 1
363.1007927423692 114.88612374334254 0
322.0000184609713 308.4452210349597 2
244.80938894888402 39.39314747665334 0
22.779015124488758 236.00063532557036 2
190.19001020050197 387.6121114161357 2
390.8177109711256 5.568980826099193 1
312.1573449263704 390.6090118050289 2
173.51424163823498 138.72177087435207 1
203.7796375923265 117.85261064890501 2
311.6285112981259 142.12484026109917 2
51.161102005489695 308.2195794094798 0
278.5319883503541 332.8914096828165 0
80.07815286429698 287.4942850177025 0
320.15134909133747 277.75770707270107 0
332.1181299573674 258.1256789241095 0
40.4277203197565 64.66402384903776 0
22.06919528212242 34.217693439594655 2
319.24524628435375 91.24731484510166 2
194.47395516927102 154.23488548750097 2
91.39069021583681 378.9325944194722 2
84.99111612694715 255.26132311354533 2
342.0013966025398 112.51064653563921 0
375.4764721140596 255.58290136159087 2
385.70937805340157 351.3730070193494 2
135.9925838385019 88.50423215961683 0
223.70969723751168 72.58735032869178 1
20.274026932010806 181.84781105090715 1
116.69274212763092 20.47230789877863 1
374.2467101113035 129.62331047687044 2
46.79600082684407 58.255868080877114 1
80.3998662464967 238.53949434218822 2
208.03094460667847 9.080284045190396 0
309.9330118292364 214.8015786199427 0
203.90929977428513 122.96493436370257 2
252.22987242391233 44.78846583467898 0
305.7910186073847 192.67169600082968 0
121.18723111906496 174.9860606065732 2
114.59124978081479 222.03648809005293 2
57.314084463244576 139.7679043696646 0
197.8443148217412 374.8265196228737 0
287.8128795417893 304.78111774137443 2
212.8688443562227 210.02696269276674 1
31.572334384837838 165.47022813325455 0
130.17088334120155 118.36445295041034 2
50.32940545479767 393.0838864682838 2
108.10942095264826 156.95707062766513 1
