10.0 10.0
52.22222222222222 10.0
94.44444444444444 10.0
136.66666666666666 10.0
178.88888888888889 10.0
221.11111111111111 10.0
263.3333333333333 10.0
305.55555555555554 10.0
347.77777777777777 10.0
390.0 10.0
10.0 52.22222222222222
52.22222222222222 52.22222222222222
94.44444444444444 52.22222222222222
136.66666666666666 52.22222222222222
178.88888888888889 52.22222222222222
221.11111111111111 52.22222222222222
263.3333333333333 52.22222222222222
305.55555555555554 52.22222222222222
347.77777777777777 52.22222222222222
390.0 52.22222222222222
10.0 94.44444444444444
52.22222222222222 94.44444444444444
94.44444444444444 94.44444444444444
136.66666666666666 94.44444444444444
178.88888888888889 94.44444444444444
221.11111111111111 94.44444444444444
263.3333333333333 94.44444444444444
305.55555555555554 94.44444444444444
347.77777777777777 94.44444444444444
390.0 94.44444444444444
10.0 136.66666666666666
52.22222222222222 136.66666666666666
94.44444444444444 136.66666666666666
136.66666666666666 136.66666666666666
178.88888888888889 136.66666666666666
221.11111111111111 136.66666666666666
263.3333333333333 136.66666666666666
305.55555555555554 136.66666666666666
347.77777777777777 136.66666666666666
390.0 136.66666666666666
10.0 178.88888888888889
52.22222222222222 178.88888888888889
94.44444444444444 178.88888888888889
136.66666666666666 178.88888888888889
178.88888888888889 178.88888888888889
221.11111111111111 178.88888888888889
263.3333333333333 178.88888888888889
305.55555555555554 178.88888888888889
347.77777777777777 178.88888888888889
390.0 178.88888888888889
10.0 221.11111111111111
52.22222222222222 221.11111111111111
94.44444444444444 221.11111111111111
136.66666666666666 221.11111111111111
178.88888888888889 221.11111111111111
221.11111111111111 221.11111111111111
263.3333333333333 221.11111111111111
305.55555555555554 221.11111111111111
347.77777777777777 221.11111111111111
390.0 221.11111111111111
10.0 263.3333333333333
52.22222222222222 263.3333333333333
94.44444444444444 263.3333333333333
136.66666666666666 263.3333333333333
178.88888888888889 263.3333333333333
221.11111111111111 263.3333333333333
263.3333333333333 263.3333333333333
305.55555555555554 263.3333333333333
347.77777777777777 263.3333333333333
390.0 263.3333333333333
10.0 305.55555555555554
52.22222222222222 305.55555555555554
94.44444444444444 305.55555555555554
136.66666666666666 305.55555555555554
178.88888888888889 305.55555555555554
221.11111111111111 305.55555555555554
263.3333333333333 305.55555555555554
305.55555555555554 305.55555555555554
347.77777777777777 305.55555555555554
390.0 305.55555555555554
10.0 347.77777777777777
52.22222222222222 347.77777777777777
94.44444444444444 347.77777777777777
136.66666666666666 347.77777777777777
178.88888888888889 347.77777777777777
221.11111111111111 347.77777777777777
263.3333333333333 347.77777777777777
305.55555555555554 347.77777777777777
347.77777777777777 347.77777777777777
390.0 347.77777777777777
10.0 390.0
52.22222222222222 390.0
94.44444444444444 390.0
136.66666666666666 390.0
178.88888888888889 390.0
221.11111111111111 390.0
263.3333333333333 390.0
305.55555555555554 390.0
347.77777777777777 390.0
390.0 390.0
