79.79591836734694 79.79591836734694 0
79.79591836734694 72.0408163265306 0
79.79591836734694 64.28571428571428 0
87.55102040816327 64.28571428571428 0
95.3061224489796 64.28571428571428 0
103.06122448979592 64.28571428571428 0
110.81632653061224 64.28571428571428 0
118.57142857142857 64.28571428571428 0
126.3265306122449 64.28571428571428 0
134.0816326530612 64.28571428571428 0
141.83673469387756 64.28571428571428 0
149.59183673469389 64.28571428571428 0
157.3469387755102 64.28571428571428 0
165.10204081632654 64.28571428571428 0
172.85714285714286 64.28571428571428 0
180.6122448979592 64.28571428571428 0
188.3673469387755 64.28571428571428 0
196.12244897959184 64.28571428571428 0
203.87755102040816 64.28571428571428 0
211.6326530612245 64.28571428571428 0
219.3877551020408 64.28571428571428 0
227.14285714285714 64.28571428571428 0
234.89795918367346 64.28571428571428 0
242.6530612244898 64.28571428571428 0
250.40816326530611 64.28571428571428 0
258.1632653061224 64.28571428571428 0
265.9183673469388 64.28571428571428 0
273.6734693877551 64.28571428571428 0
281.42857142857144 64.28571428571428 0
289.18367346938777 64.28571428571428 0
296.9387755102041 64.28571428571428 0
304.6938775510204 64.28571428571428 0
312.44897959183675 64.28571428571428 0
320.2040816326531 64.28571428571428 0
327.9591836734694 64.28571428571428 0
335.7142857142857 64.28571428571428 0
335.7142857142857 72.0408163265306 0
335.7142857142857 79.79591836734694 0
335.7142857142857 87.55102040816327 0
335.7142857142857 95.3061224489796 0
335.7142857142857 103.06122448979592 0
343.46938775510205 103.06122448979592 0
343.46938775510205 95.3061224489796 0
351.2244897959184 95.3061224489796 0
351.2244897959184 103.06122448979592 0
358.9795918367347 103.06122448979592 0
358.9795918367347 95.3061224489796 0
358.9795918367347 87.55102040816327 0
358.9795918367347 79.79591836734694 0
358.9795918367347 72.0408163265306 0
358.9795918367347 64.28571428571428 0
358.9795918367347 56.53061224489796 0
358.9795918367347 48.775510204081634 0
358.9795918367347 41.0204081632653 0
351.2244897959184 41.0204081632653 0
343.46938775510205 41.0204081632653 0
335.7142857142857 41.0204081632653 0
327.9591836734694 41.0204081632653 0
320.2040816326531 41.0204081632653 0
312.44897959183675 41.0204081632653 0
304.6938775510204 41.0204081632653 0
296.9387755102041 41.0204081632653 0
289.18367346938777 41.0204081632653 0
281.42857142857144 41.0204081632653 0
273.6734693877551 41.0204081632653 0
265.9183673469388 41.0204081632653 0
258.1632653061224 41.0204081632653 0
250.40816326530611 41.0204081632653 0
242.6530612244898 41.0204081632653 0
234.89795918367346 41.0204081632653 0
227.14285714285714 41.0204081632653 0
219.3877551020408 41.0204081632653 0
211.6326530612245 41.0204081632653 0
203.87755102040816 41.0204081632653 0
196.12244897959184 41.0204081632653 0
188.3673469387755 41.0204081632653 0
180.6122448979592 41.0204081632653 0
172.85714285714286 41.0204081632653 0
165.10204081632654 41.0204081632653 0
157.3469387755102 41.0204081632653 0
149.59183673469389 41.0204081632653 0
141.83673469387756 41.0204081632653 0
134.0816326530612 41.0204081632653 0
126.3265306122449 41.0204081632653 0
118.57142857142857 41.0204081632653 0
110.81632653061224 41.0204081632653 0
103.06122448979592 41.0204081632653 0
95.3061224489796 41.0204081632653 0
87.55102040816327 41.0204081632653 0
79.79591836734694 41.0204081632653 0
72.0408163265306 41.0204081632653 0
64.28571428571428 41.0204081632653 0
56.53061224489796 41.0204081632653 0
56.53061224489796 48.775510204081634 0
56.53061224489796 56.53061224489796 0
56.53061224489796 64.28571428571428 0
56.53061224489796 72.0408163265306 0
56.53061224489796 79.79591836734694 0
56.53061224489796 87.55102040816327 0
56.53061224489796 95.3061224489796 0
56.53061224489796 103.06122448979592 0
48.775510204081634 103.06122448979592 0
48.775510204081634 95.3061224489796 0
48.775510204081634 87.55102040816327 0
48.775510204081634 79.79591836734694 0
48.775510204081634 72.0408163265306 0
48.775510204081634 64.28571428571428 0
48.775510204081634 56.53061224489796 0
48.775510204081634 48.775510204081634 0
48.775510204081634 41.0204081632653 0
48.775510204081634 33.265306122448976 0
56.53061224489796 33.265306122448976 0
64.28571428571428 33.265306122448976 0
72.0408163265306 33.265306122448976 0
79.79591836734694 33.265306122448976 0
87.55102040816327 33.265306122448976 0
95.3061224489796 33.265306122448976 0
103.06122448979592 33.265306122448976 0
110.81632653061224 33.265306122448976 0
118.57142857142857 33.265306122448976 0
126.3265306122449 33.265306122448976 0
134.0816326530612 33.265306122448976 0
141.83673469387756 33.265306122448976 0
149.59183673469389 33.265306122448976 0
157.3469387755102 33.265306122448976 0
165.10204081632654 33.265306122448976 0
172.85714285714286 33.265306122448976 0
180.6122448979592 33.265306122448976 0
188.3673469387755 33.265306122448976 0
196.12244897959184 33.265306122448976 0
203.87755102040816 33.265306122448976 0
211.6326530612245 33.265306122448976 0
219.3877551020408 33.265306122448976 0
227.14285714285714 33.265306122448976 0
234.89795918367346 33.265306122448976 0
242.6530612244898 33.265306122448976 0
250.40816326530611 33.265306122448976 0
258.1632653061224 33.265306122448976 0
265.9183673469388 33.265306122448976 0
273.6734693877551 33.265306122448976 0
281.42857142857144 33.265306122448976 0
289.18367346938777 33.265306122448976 0
296.9387755102041 33.265306122448976 0
304.6938775510204 33.265306122448976 0
312.44897959183675 33.265306122448976 0
320.2040816326531 33.265306122448976 0
327.9591836734694 33.265306122448976 0
335.7142857142857 33.265306122448976 0
343.46938775510205 33.265306122448976 0
351.2244897959184 33.265306122448976 0
358.9795918367347 33.265306122448976 0
366.734693877551 33.265306122448976 0
366.734693877551 41.0204081632653 0
366.734693877551 48.775510204081634 0
366.734693877551 56.53061224489796 0
366.734693877551 64.28571428571428 0
366.734693877551 72.0408163265306 0
366.734693877551 79.79591836734694 0
366.734693877551 87.55102040816327 0
366.734693877551 95.3061224489796 0
366.734693877551 103.06122448979592 0
374.48979591836735 103.06122448979592 0
374.48979591836735 95.3061224489796 0
382.2448979591837 95.3061224489796 0
382.2448979591837 103.06122448979592 0
390.0 103.06122448979592 0
390.0 95.3061224489796 0
390.0 87.55102040816327 0
390.0 79.79591836734694 0
390.0 72.0408163265306 0
390.0 64.28571428571428 0
390.0 56.53061224489796 0
390.0 48.775510204081634 0
390.0 41.0204081632653 0
390.0 33.265306122448976 0
390.0 25.51020408163265 0
390.0 17.755102040816325 0
390.0 10.0 0
382.2448979591837 10.0 0
374.48979591836735 10.0 0
366.734693877551 10.0 0
358.9795918367347 10.0 0
351.2244897959184 10.0 0
343.46938775510205 10.0 0
335.7142857142857 10.0 0
327.9591836734694 10.0 0
320.2040816326531 10.0 0
312.44897959183675 10.0 0
304.6938775510204 10.0 0
296.9387755102041 10.0 0
289.18367346938777 10.0 0
281.42857142857144 10.0 0
273.6734693877551 10.0 0
265.9183673469388 10.0 0
258.1632653061224 10.0 0
250.40816326530611 10.0 0
242.6530612244898 10.0 0
234.89795918367346 10.0 0
227.14285714285714 10.0 0
219.3877551020408 10.0 0
211.6326530612245 10.0 0
203.87755102040816 10.0 0
196.12244897959184 10.0 0
188.3673469387755 10.0 0
180.6122448979592 10.0 0
172.85714285714286 10.0 0
165.10204081632654 10.0 0
157.3469387755102 10.0 0
149.59183673469389 10.0 0
141.83673469387756 10.0 0
134.0816326530612 10.0 0
126.3265306122449 10.0 0
118.57142857142857 10.0 0
110.81632653061224 10.0 0
103.06122448979592 10.0 0
95.3061224489796 10.0 0
87.55102040816327 10.0 0
79.79591836734694 10.0 0
72.0408163265306 10.0 0
64.28571428571428 10.0 0
56.53061224489796 10.0 0
48.775510204081634 10.0 0
41.0204081632653 10.0 0
33.265306122448976 10.0 0
25.51020408163265 10.0 0
25.51020408163265 17.755102040816325 0
25.51020408163265 25.51020408163265 0
25.51020408163265 33.265306122448976 0
25.51020408163265 41.0204081632653 0
25.51020408163265 48.775510204081634 0
25.51020408163265 56.53061224489796 0
25.51020408163265 64.28571428571428 0
25.51020408163265 72.0408163265306 0
25.51020408163265 79.79591836734694 0
25.51020408163265 87.55102040816327 0
25.51020408163265 95.3061224489796 0
25.51020408163265 103.06122448979592 0
17.755102040816325 103.06122448979592 0
17.755102040816325 95.3061224489796 0
17.755102040816325 87.55102040816327 0
17.755102040816325 79.79591836734694 0
17.755102040816325 72.0408163265306 0
17.755102040816325 64.28571428571428 0
17.755102040816325 56.53061224489796 0
17.755102040816325 48.775510204081634 0
17.755102040816325 41.0204081632653 0
17.755102040816325 33.265306122448976 0
17.755102040816325 25.51020408163265 0
17.755102040816325 17.755102040816325 0
17.755102040816325 10.0 0
10.0 10.0 0
10.0 17.755102040816325 0
10.0 25.51020408163265 0
10.0 25.51020408163265 0
10.0 33.265306122448976 0
10.0 41.0204081632653 0
10.0 48.775510204081634 0
10.0 56.53061224489796 0
10.0 64.28571428571428 0
10.0 72.0408163265306 0
10.0 79.79591836734694 0
10.0 87.55102040816327 0
10.0 95.3061224489796 0
10.0 103.06122448979592 0
10.0 110.81632653061224 0
10.0 118.57142857142857 0
17.755102040816325 118.57142857142857 0
17.755102040816325 110.81632653061224 0
25.51020408163265 110.81632653061224 0
25.51020408163265 118.57142857142857 0
33.265306122448976 118.57142857142857 0
33.265306122448976 110.81632653061224 0
33.265306122448976 103.06122448979592 0
33.265306122448976 95.3061224489796 0
33.265306122448976 87.55102040816327 0
33.265306122448976 79.79591836734694 0
33.265306122448976 72.0408163265306 0
33.265306122448976 64.28571428571428 0
33.265306122448976 56.53061224489796 0
33.265306122448976 48.775510204081634 0
33.265306122448976 41.0204081632653 0
33.265306122448976 33.265306122448976 0
33.265306122448976 25.51020408163265 0
33.265306122448976 17.755102040816325 0
41.0204081632653 17.755102040816325 0
48.775510204081634 17.755102040816325 0
56.53061224489796 17.755102040816325 0
64.28571428571428 17.755102040816325 0
72.0408163265306 17.755102040816325 0
79.79591836734694 17.755102040816325 0
87.55102040816327 17.755102040816325 0
95.3061224489796 17.755102040816325 0
103.06122448979592 17.755102040816325 0
110.81632653061224 17.755102040816325 0
118.57142857142857 17.755102040816325 0
126.3265306122449 17.755102040816325 0
134.0816326530612 17.755102040816325 0
141.83673469387756 17.755102040816325 0
149.59183673469389 17.755102040816325 0
157.3469387755102 17.755102040816325 0
165.10204081632654 17.755102040816325 0
172.85714285714286 17.755102040816325 0
180.6122448979592 17.755102040816325 0
188.3673469387755 17.755102040816325 0
196.12244897959184 17.755102040816325 0
203.87755102040816 17.755102040816325 0
211.6326530612245 17.755102040816325 0
219.3877551020408 17.755102040816325 0
227.14285714285714 17.755102040816325 0
234.89795918367346 17.755102040816325 0
242.6530612244898 17.755102040816325 0
250.40816326530611 17.755102040816325 0
258.1632653061224 17.755102040816325 0
265.9183673469388 17.755102040816325 0
273.6734693877551 17.755102040816325 0
281.42857142857144 17.755102040816325 0
289.18367346938777 17.755102040816325 0
296.9387755102041 17.755102040816325 0
304.6938775510204 17.755102040816325 0
312.44897959183675 17.755102040816325 0
320.2040816326531 17.755102040816325 0
327.9591836734694 17.755102040816325 0
335.7142857142857 17.755102040816325 0
343.46938775510205 17.755102040816325 0
351.2244897959184 17.755102040816325 0
358.9795918367347 17.755102040816325 0
366.734693877551 17.755102040816325 0
374.48979591836735 17.755102040816325 0
382.2448979591837 17.755102040816325 0
382.2448979591837 25.51020408163265 0
382.2448979591837 33.265306122448976 0
382.2448979591837 41.0204081632653 0
382.2448979591837 48.775510204081634 0
382.2448979591837 56.53061224489796 0
382.2448979591837 64.28571428571428 0
382.2448979591837 72.0408163265306 0
382.2448979591837 79.79591836734694 0
382.2448979591837 87.55102040816327 0
374.48979591836735 87.55102040816327 0
374.48979591836735 79.79591836734694 0
374.48979591836735 72.0408163265306 0
374.48979591836735 64.28571428571428 0
374.48979591836735 56.53061224489796 0
374.48979591836735 48.775510204081634 0
374.48979591836735 41.0204081632653 0
374.48979591836735 33.265306122448976 0
374.48979591836735 25.51020408163265 0
366.734693877551 25.51020408163265 0
358.9795918367347 25.51020408163265 0
351.2244897959184 25.51020408163265 0
343.46938775510205 25.51020408163265 0
335.7142857142857 25.51020408163265 0
327.9591836734694 25.51020408163265 0
320.2040816326531 25.51020408163265 0
312.44897959183675 25.51020408163265 0
304.6938775510204 25.51020408163265 0
296.9387755102041 25.51020408163265 0
289.18367346938777 25.51020408163265 0
281.42857142857144 25.51020408163265 0
273.6734693877551 25.51020408163265 0
265.9183673469388 25.51020408163265 0
258.1632653061224 25.51020408163265 0
250.40816326530611 25.51020408163265 0
242.6530612244898 25.51020408163265 0
234.89795918367346 25.51020408163265 0
227.14285714285714 25.51020408163265 0
219.3877551020408 25.51020408163265 0
211.6326530612245 25.51020408163265 0
203.87755102040816 25.51020408163265 0
196.12244897959184 25.51020408163265 0
188.3673469387755 25.51020408163265 0
180.6122448979592 25.51020408163265 0
172.85714285714286 25.51020408163265 0
165.10204081632654 25.51020408163265 0
157.3469387755102 25.51020408163265 0
149.59183673469389 25.51020408163265 0
141.83673469387756 25.51020408163265 0
134.0816326530612 25.51020408163265 0
126.3265306122449 25.51020408163265 0
118.57142857142857 25.51020408163265 0
110.81632653061224 25.51020408163265 0
103.06122448979592 25.51020408163265 0
95.3061224489796 25.51020408163265 0
87.55102040816327 25.51020408163265 0
79.79591836734694 25.51020408163265 0
72.0408163265306 25.51020408163265 0
64.28571428571428 25.51020408163265 0
56.53061224489796 25.51020408163265 0
48.775510204081634 25.51020408163265 0
41.0204081632653 25.51020408163265 0
41.0204081632653 33.265306122448976 0
41.0204081632653 41.0204081632653 0
41.0204081632653 48.775510204081634 0
41.0204081632653 56.53061224489796 0
41.0204081632653 64.28571428571428 0
41.0204081632653 72.0408163265306 0
41.0204081632653 79.79591836734694 0
41.0204081632653 87.55102040816327 0
41.0204081632653 95.3061224489796 0
41.0204081632653 103.06122448979592 0
41.0204081632653 110.81632653061224 0
41.0204081632653 118.57142857142857 0
48.775510204081634 118.57142857142857 0
48.775510204081634 110.81632653061224 0
56.53061224489796 110.81632653061224 0
56.53061224489796 118.57142857142857 0
64.28571428571428 118.57142857142857 0
64.28571428571428 110.81632653061224 0
64.28571428571428 103.06122448979592 0
64.28571428571428 95.3061224489796 0
64.28571428571428 87.55102040816327 0
64.28571428571428 79.79591836734694 0
64.28571428571428 72.0408163265306 0
64.28571428571428 64.28571428571428 0
64.28571428571428 56.53061224489796 0
64.28571428571428 48.775510204081634 0
72.0408163265306 48.775510204081634 0
79.79591836734694 48.775510204081634 0
87.55102040816327 48.775510204081634 0
95.3061224489796 48.775510204081634 0
103.06122448979592 48.775510204081634 0
110.81632653061224 48.775510204081634 0
118.57142857142857 48.775510204081634 0
126.3265306122449 48.775510204081634 0
134.0816326530612 48.775510204081634 0
141.83673469387756 48.775510204081634 0
149.59183673469389 48.775510204081634 0
157.3469387755102 48.775510204081634 0
165.10204081632654 48.775510204081634 0
172.85714285714286 48.775510204081634 0
180.6122448979592 48.775510204081634 0
188.3673469387755 48.775510204081634 0
196.12244897959184 48.775510204081634 0
203.87755102040816 48.775510204081634 0
211.6326530612245 48.775510204081634 0
219.3877551020408 48.775510204081634 0
227.14285714285714 48.775510204081634 0
234.89795918367346 48.775510204081634 0
242.6530612244898 48.775510204081634 0
250.40816326530611 48.775510204081634 0
258.1632653061224 48.775510204081634 0
265.9183673469388 48.775510204081634 0
273.6734693877551 48.775510204081634 0
281.42857142857144 48.775510204081634 0
289.18367346938777 48.775510204081634 0
296.9387755102041 48.775510204081634 0
304.6938775510204 48.775510204081634 0
312.44897959183675 48.775510204081634 0
320.2040816326531 48.775510204081634 0
327.9591836734694 48.775510204081634 0
335.7142857142857 48.775510204081634 0
343.46938775510205 48.775510204081634 0
351.2244897959184 48.775510204081634 0
351.2244897959184 56.53061224489796 0
351.2244897959184 64.28571428571428 0
351.2244897959184 72.0408163265306 0
351.2244897959184 79.79591836734694 0
351.2244897959184 87.55102040816327 0
343.46938775510205 87.55102040816327 0
343.46938775510205 79.79591836734694 0
343.46938775510205 72.0408163265306 0
343.46938775510205 64.28571428571428 0
343.46938775510205 56.53061224489796 0
335.7142857142857 56.53061224489796 0
327.9591836734694 56.53061224489796 0
320.2040816326531 56.53061224489796 0
312.44897959183675 56.53061224489796 0
304.6938775510204 56.53061224489796 0
296.9387755102041 56.53061224489796 0
289.18367346938777 56.53061224489796 0
281.42857142857144 56.53061224489796 0
273.6734693877551 56.53061224489796 0
265.9183673469388 56.53061224489796 0
258.1632653061224 56.53061224489796 0
250.40816326530611 56.53061224489796 0
242.6530612244898 56.53061224489796 0
234.89795918367346 56.53061224489796 0
227.14285714285714 56.53061224489796 0
219.3877551020408 56.53061224489796 0
211.6326530612245 56.53061224489796 0
203.87755102040816 56.53061224489796 0
196.12244897959184 56.53061224489796 0
188.3673469387755 56.53061224489796 0
180.6122448979592 56.53061224489796 0
172.85714285714286 56.53061224489796 0
165.10204081632654 56.53061224489796 0
157.3469387755102 56.53061224489796 0
149.59183673469389 56.53061224489796 0
141.83673469387756 56.53061224489796 0
134.0816326530612 56.53061224489796 0
126.3265306122449 56.53061224489796 0
118.57142857142857 56.53061224489796 0
110.81632653061224 56.53061224489796 0
103.06122448979592 56.53061224489796 0
95.3061224489796 56.53061224489796 0
87.55102040816327 56.53061224489796 0
79.79591836734694 56.53061224489796 0
72.0408163265306 56.53061224489796 0
72.0408163265306 64.28571428571428 0
72.0408163265306 72.0408163265306 0
72.0408163265306 79.79591836734694 0
72.0408163265306 87.55102040816327 0
72.0408163265306 95.3061224489796 0
72.0408163265306 103.06122448979592 0
72.0408163265306 110.81632653061224 0
72.0408163265306 118.57142857142857 0
79.79591836734694 118.57142857142857 0
79.79591836734694 110.81632653061224 0
87.55102040816327 110.81632653061224 0
87.55102040816327 118.57142857142857 0
87.55102040816327 110.81632653061224 0
95.3061224489796 110.81632653061224 0
95.3061224489796 103.06122448979592 0
95.3061224489796 95.3061224489796 0
103.06122448979592 95.3061224489796 0
103.06122448979592 103.06122448979592 0
103.06122448979592 95.3061224489796 0
110.81632653061224 95.3061224489796 0
110.81632653061224 87.55102040816327 0
103.06122448979592 87.55102040816327 0
95.3061224489796 87.55102040816327 0
95.3061224489796 79.79591836734694 0
103.06122448979592 79.79591836734694 0
110.81632653061224 79.79591836734694 0
118.57142857142857 79.79591836734694 0
118.57142857142857 87.55102040816327 0
118.57142857142857 79.79591836734694 0
126.3265306122449 79.79591836734694 0
134.0816326530612 79.79591836734694 0
141.83673469387756 79.79591836734694 0
149.59183673469389 79.79591836734694 0
157.3469387755102 79.79591836734694 0
165.10204081632654 79.79591836734694 0
165.10204081632654 87.55102040816327 0
172.85714285714286 87.55102040816327 0
172.85714285714286 79.79591836734694 0
180.6122448979592 79.79591836734694 0
180.6122448979592 87.55102040816327 0
188.3673469387755 87.55102040816327 0
188.3673469387755 79.79591836734694 0
196.12244897959184 79.79591836734694 0
196.12244897959184 87.55102040816327 0
203.87755102040816 87.55102040816327 0
203.87755102040816 79.79591836734694 0
211.6326530612245 79.79591836734694 0
211.6326530612245 87.55102040816327 0
219.3877551020408 87.55102040816327 0
219.3877551020408 79.79591836734694 0
227.14285714285714 79.79591836734694 0
227.14285714285714 87.55102040816327 0
234.89795918367346 87.55102040816327 0
234.89795918367346 79.79591836734694 0
242.6530612244898 79.79591836734694 0
250.40816326530611 79.79591836734694 0
258.1632653061224 79.79591836734694 0
265.9183673469388 79.79591836734694 0
273.6734693877551 79.79591836734694 0
281.42857142857144 79.79591836734694 0
289.18367346938777 79.79591836734694 0
296.9387755102041 79.79591836734694 0
304.6938775510204 79.79591836734694 0
312.44897959183675 79.79591836734694 0
320.2040816326531 79.79591836734694 0
320.2040816326531 87.55102040816327 0
312.44897959183675 87.55102040816327 0
304.6938775510204 87.55102040816327 0
296.9387755102041 87.55102040816327 0
289.18367346938777 87.55102040816327 0
281.42857142857144 87.55102040816327 0
273.6734693877551 87.55102040816327 0
265.9183673469388 87.55102040816327 0
258.1632653061224 87.55102040816327 0
250.40816326530611 87.55102040816327 0
242.6530612244898 87.55102040816327 0
242.6530612244898 95.3061224489796 0
250.40816326530611 95.3061224489796 0
258.1632653061224 95.3061224489796 0
265.9183673469388 95.3061224489796 0
273.6734693877551 95.3061224489796 0
281.42857142857144 95.3061224489796 0
289.18367346938777 95.3061224489796 0
296.9387755102041 95.3061224489796 0
304.6938775510204 95.3061224489796 0
312.44897959183675 95.3061224489796 0
320.2040816326531 95.3061224489796 0
320.2040816326531 103.06122448979592 0
327.9591836734694 103.06122448979592 0
327.9591836734694 95.3061224489796 0
327.9591836734694 87.55102040816327 0
327.9591836734694 79.79591836734694 0
327.9591836734694 72.0408163265306 0
320.2040816326531 72.0408163265306 0
312.44897959183675 72.0408163265306 0
304.6938775510204 72.0408163265306 0
296.9387755102041 72.0408163265306 0
289.18367346938777 72.0408163265306 0
281.42857142857144 72.0408163265306 0
273.6734693877551 72.0408163265306 0
265.9183673469388 72.0408163265306 0
258.1632653061224 72.0408163265306 0
250.40816326530611 72.0408163265306 0
242.6530612244898 72.0408163265306 0
234.89795918367346 72.0408163265306 0
227.14285714285714 72.0408163265306 0
219.3877551020408 72.0408163265306 0
211.6326530612245 72.0408163265306 0
203.87755102040816 72.0408163265306 0
196.12244897959184 72.0408163265306 0
188.3673469387755 72.0408163265306 0
180.6122448979592 72.0408163265306 0
172.85714285714286 72.0408163265306 0
165.10204081632654 72.0408163265306 0
157.3469387755102 72.0408163265306 0
149.59183673469389 72.0408163265306 0
141.83673469387756 72.0408163265306 0
134.0816326530612 72.0408163265306 0
126.3265306122449 72.0408163265306 0
118.57142857142857 72.0408163265306 0
110.81632653061224 72.0408163265306 0
103.06122448979592 72.0408163265306 0
95.3061224489796 72.0408163265306 0
87.55102040816327 72.0408163265306 0
87.55102040816327 79.79591836734694 0
87.55102040816327 87.55102040816327 0
87.55102040816327 95.3061224489796 0
87.55102040816327 103.06122448979592 0
79.79591836734694 103.06122448979592 0
79.79591836734694 95.3061224489796 0
79.79591836734694 87.55102040816327 0
126.3265306122449 126.3265306122449 1
126.3265306122449 118.57142857142857 1
126.3265306122449 110.81632653061224 1
134.0816326530612 110.81632653061224 1
134.0816326530612 118.57142857142857 1
134.0816326530612 126.3265306122449 1
134.0816326530612 134.0816326530612 1
134.0816326530612 141.83673469387756 1
134.0816326530612 149.59183673469389 1
126.3265306122449 149.59183673469389 1
126.3265306122449 141.83673469387756 1
126.3265306122449 134.0816326530612 1
118.57142857142857 134.0816326530612 1
110.81632653061224 134.0816326530612 1
110.81632653061224 126.3265306122449 1
110.81632653061224 118.57142857142857 1
103.06122448979592 118.57142857142857 1
103.06122448979592 110.81632653061224 1
103.06122448979592 118.57142857142857 1
95.3061224489796 118.57142857142857 1
95.3061224489796 126.3265306122449 1
95.3061224489796 134.0816326530612 1
95.3061224489796 126.3265306122449 1
87.55102040816327 126.3265306122449 1
95.3061224489796 126.3265306122449 1
103.06122448979592 126.3265306122449 1
103.06122448979592 134.0816326530612 1
103.06122448979592 134.0816326530612 1
103.06122448979592 141.83673469387756 1
110.81632653061224 141.83673469387756 1
110.81632653061224 149.59183673469389 1
110.81632653061224 141.83673469387756 1
118.57142857142857 141.83673469387756 1
118.57142857142857 149.59183673469389 1
118.57142857142857 157.3469387755102 1
126.3265306122449 157.3469387755102 1
126.3265306122449 165.10204081632654 1
134.0816326530612 165.10204081632654 1
134.0816326530612 157.3469387755102 1
141.83673469387756 157.3469387755102 1
141.83673469387756 149.59183673469389 1
141.83673469387756 141.83673469387756 1
141.83673469387756 134.0816326530612 1
141.83673469387756 126.3265306122449 1
149.59183673469389 126.3265306122449 1
157.3469387755102 126.3265306122449 1
165.10204081632654 126.3265306122449 1
172.85714285714286 126.3265306122449 1
180.6122448979592 126.3265306122449 1
188.3673469387755 126.3265306122449 1
196.12244897959184 126.3265306122449 1
203.87755102040816 126.3265306122449 1
211.6326530612245 126.3265306122449 1
219.3877551020408 126.3265306122449 1
227.14285714285714 126.3265306122449 1
234.89795918367346 126.3265306122449 1
242.6530612244898 126.3265306122449 1
250.40816326530611 126.3265306122449 1
258.1632653061224 126.3265306122449 1
258.1632653061224 134.0816326530612 1
250.40816326530611 134.0816326530612 1
242.6530612244898 134.0816326530612 1
234.89795918367346 134.0816326530612 1
227.14285714285714 134.0816326530612 1
219.3877551020408 134.0816326530612 1
211.6326530612245 134.0816326530612 1
203.87755102040816 134.0816326530612 1
196.12244897959184 134.0816326530612 1
188.3673469387755 134.0816326530612 1
180.6122448979592 134.0816326530612 1
172.85714285714286 134.0816326530612 1
165.10204081632654 134.0816326530612 1
157.3469387755102 134.0816326530612 1
149.59183673469389 134.0816326530612 1
149.59183673469389 141.83673469387756 1
149.59183673469389 149.59183673469389 1
149.59183673469389 157.3469387755102 1
149.59183673469389 165.10204081632654 1
141.83673469387756 165.10204081632654 1
141.83673469387756 172.85714285714286 1
149.59183673469389 172.85714285714286 1
157.3469387755102 172.85714285714286 1
165.10204081632654 172.85714285714286 1
172.85714285714286 172.85714285714286 1
180.6122448979592 172.85714285714286 1
188.3673469387755 172.85714285714286 1
196.12244897959184 172.85714285714286 1
196.12244897959184 180.6122448979592 1
203.87755102040816 180.6122448979592 1
203.87755102040816 172.85714285714286 1
211.6326530612245 172.85714285714286 1
211.6326530612245 180.6122448979592 1
219.3877551020408 180.6122448979592 1
219.3877551020408 172.85714285714286 1
227.14285714285714 172.85714285714286 1
227.14285714285714 180.6122448979592 1
234.89795918367346 180.6122448979592 1
234.89795918367346 172.85714285714286 1
242.6530612244898 172.85714285714286 1
242.6530612244898 180.6122448979592 1
242.6530612244898 172.85714285714286 1
250.40816326530611 172.85714285714286 1
250.40816326530611 165.10204081632654 1
242.6530612244898 165.10204081632654 1
234.89795918367346 165.10204081632654 1
227.14285714285714 165.10204081632654 1
219.3877551020408 165.10204081632654 1
211.6326530612245 165.10204081632654 1
203.87755102040816 165.10204081632654 1
196.12244897959184 165.10204081632654 1
188.3673469387755 165.10204081632654 1
180.6122448979592 165.10204081632654 1
172.85714285714286 165.10204081632654 1
172.85714285714286 157.3469387755102 1
180.6122448979592 157.3469387755102 1
188.3673469387755 157.3469387755102 1
196.12244897959184 157.3469387755102 1
203.87755102040816 157.3469387755102 1
211.6326530612245 157.3469387755102 1
219.3877551020408 157.3469387755102 1
227.14285714285714 157.3469387755102 1
234.89795918367346 157.3469387755102 1
242.6530612244898 157.3469387755102 1
250.40816326530611 157.3469387755102 1
258.1632653061224 157.3469387755102 1
258.1632653061224 165.10204081632654 1
258.1632653061224 172.85714285714286 1
258.1632653061224 180.6122448979592 1
250.40816326530611 180.6122448979592 1
250.40816326530611 188.3673469387755 1
258.1632653061224 188.3673469387755 1
265.9183673469388 188.3673469387755 1
265.9183673469388 180.6122448979592 1
265.9183673469388 172.85714285714286 1
265.9183673469388 165.10204081632654 1
265.9183673469388 157.3469387755102 1
265.9183673469388 149.59183673469389 1
258.1632653061224 149.59183673469389 1
250.40816326530611 149.59183673469389 1
242.6530612244898 149.59183673469389 1
234.89795918367346 149.59183673469389 1
227.14285714285714 149.59183673469389 1
219.3877551020408 149.59183673469389 1
211.6326530612245 149.59183673469389 1
203.87755102040816 149.59183673469389 1
196.12244897959184 149.59183673469389 1
188.3673469387755 149.59183673469389 1
180.6122448979592 149.59183673469389 1
172.85714285714286 149.59183673469389 1
165.10204081632654 149.59183673469389 1
165.10204081632654 157.3469387755102 1
165.10204081632654 165.10204081632654 1
157.3469387755102 165.10204081632654 1
157.3469387755102 157.3469387755102 1
157.3469387755102 149.59183673469389 1
157.3469387755102 141.83673469387756 1
165.10204081632654 141.83673469387756 1
172.85714285714286 141.83673469387756 1
180.6122448979592 141.83673469387756 1
188.3673469387755 141.83673469387756 1
196.12244897959184 141.83673469387756 1
203.87755102040816 141.83673469387756 1
211.6326530612245 141.83673469387756 1
219.3877551020408 141.83673469387756 1
227.14285714285714 141.83673469387756 1
234.89795918367346 141.83673469387756 1
242.6530612244898 141.83673469387756 1
250.40816326530611 141.83673469387756 1
258.1632653061224 141.83673469387756 1
265.9183673469388 141.83673469387756 1
265.9183673469388 134.0816326530612 1
265.9183673469388 126.3265306122449 1
265.9183673469388 118.57142857142857 1
258.1632653061224 118.57142857142857 1
250.40816326530611 118.57142857142857 1
242.6530612244898 118.57142857142857 1
234.89795918367346 118.57142857142857 1
227.14285714285714 118.57142857142857 1
219.3877551020408 118.57142857142857 1
211.6326530612245 118.57142857142857 1
203.87755102040816 118.57142857142857 1
196.12244897959184 118.57142857142857 1
188.3673469387755 118.57142857142857 1
180.6122448979592 118.57142857142857 1
172.85714285714286 118.57142857142857 1
165.10204081632654 118.57142857142857 1
157.3469387755102 118.57142857142857 1
149.59183673469389 118.57142857142857 1
141.83673469387756 118.57142857142857 1
141.83673469387756 110.81632653061224 1
141.83673469387756 103.06122448979592 1
141.83673469387756 95.3061224489796 1
149.59183673469389 95.3061224489796 1
149.59183673469389 103.06122448979592 1
149.59183673469389 110.81632653061224 1
157.3469387755102 110.81632653061224 1
165.10204081632654 110.81632653061224 1
172.85714285714286 110.81632653061224 1
180.6122448979592 110.81632653061224 1
188.3673469387755 110.81632653061224 1
196.12244897959184 110.81632653061224 1
203.87755102040816 110.81632653061224 1
211.6326530612245 110.81632653061224 1
219.3877551020408 110.81632653061224 1
227.14285714285714 110.81632653061224 1
234.89795918367346 110.81632653061224 1
242.6530612244898 110.81632653061224 1
250.40816326530611 110.81632653061224 1
258.1632653061224 110.81632653061224 1
265.9183673469388 110.81632653061224 1
273.6734693877551 110.81632653061224 1
281.42857142857144 110.81632653061224 1
289.18367346938777 110.81632653061224 1
296.9387755102041 110.81632653061224 1
304.6938775510204 110.81632653061224 1
304.6938775510204 118.57142857142857 1
304.6938775510204 126.3265306122449 1
312.44897959183675 126.3265306122449 1
320.2040816326531 126.3265306122449 1
327.9591836734694 126.3265306122449 1
335.7142857142857 126.3265306122449 1
343.46938775510205 126.3265306122449 1
351.2244897959184 126.3265306122449 1
358.9795918367347 126.3265306122449 1
366.734693877551 126.3265306122449 1
374.48979591836735 126.3265306122449 1
382.2448979591837 126.3265306122449 1
382.2448979591837 134.0816326530612 1
382.2448979591837 141.83673469387756 1
382.2448979591837 149.59183673469389 1
382.2448979591837 157.3469387755102 1
382.2448979591837 165.10204081632654 1
382.2448979591837 172.85714285714286 1
382.2448979591837 180.6122448979592 1
374.48979591836735 180.6122448979592 1
374.48979591836735 172.85714285714286 1
374.48979591836735 165.10204081632654 1
374.48979591836735 157.3469387755102 1
374.48979591836735 149.59183673469389 1
374.48979591836735 141.83673469387756 1
374.48979591836735 134.0816326530612 1
366.734693877551 134.0816326530612 1
358.9795918367347 134.0816326530612 1
351.2244897959184 134.0816326530612 1
351.2244897959184 141.83673469387756 1
351.2244897959184 149.59183673469389 1
351.2244897959184 157.3469387755102 1
351.2244897959184 165.10204081632654 1
351.2244897959184 172.85714285714286 1
351.2244897959184 180.6122448979592 1
343.46938775510205 180.6122448979592 1
343.46938775510205 172.85714285714286 1
343.46938775510205 165.10204081632654 1
343.46938775510205 157.3469387755102 1
343.46938775510205 149.59183673469389 1
343.46938775510205 141.83673469387756 1
343.46938775510205 134.0816326530612 1
335.7142857142857 134.0816326530612 1
327.9591836734694 134.0816326530612 1
320.2040816326531 134.0816326530612 1
320.2040816326531 141.83673469387756 1
320.2040816326531 149.59183673469389 1
320.2040816326531 157.3469387755102 1
320.2040816326531 165.10204081632654 1
320.2040816326531 172.85714285714286 1
320.2040816326531 180.6122448979592 1
312.44897959183675 180.6122448979592 1
312.44897959183675 172.85714285714286 1
312.44897959183675 165.10204081632654 1
312.44897959183675 157.3469387755102 1
312.44897959183675 149.59183673469389 1
312.44897959183675 141.83673469387756 1
312.44897959183675 134.0816326530612 1
304.6938775510204 134.0816326530612 1
296.9387755102041 134.0816326530612 1
289.18367346938777 134.0816326530612 1
289.18367346938777 141.83673469387756 1
289.18367346938777 149.59183673469389 1
289.18367346938777 157.3469387755102 1
289.18367346938777 165.10204081632654 1
289.18367346938777 172.85714285714286 1
289.18367346938777 180.6122448979592 1
281.42857142857144 180.6122448979592 1
281.42857142857144 172.85714285714286 1
281.42857142857144 165.10204081632654 1
281.42857142857144 157.3469387755102 1
281.42857142857144 149.59183673469389 1
281.42857142857144 141.83673469387756 1
281.42857142857144 134.0816326530612 1
281.42857142857144 126.3265306122449 1
289.18367346938777 126.3265306122449 1
296.9387755102041 126.3265306122449 1
296.9387755102041 118.57142857142857 1
289.18367346938777 118.57142857142857 1
281.42857142857144 118.57142857142857 1
273.6734693877551 118.57142857142857 1
273.6734693877551 126.3265306122449 1
273.6734693877551 134.0816326530612 1
273.6734693877551 141.83673469387756 1
273.6734693877551 149.59183673469389 1
273.6734693877551 157.3469387755102 1
273.6734693877551 165.10204081632654 1
273.6734693877551 172.85714285714286 1
273.6734693877551 180.6122448979592 1
273.6734693877551 188.3673469387755 1
281.42857142857144 188.3673469387755 1
289.18367346938777 188.3673469387755 1
296.9387755102041 188.3673469387755 1
296.9387755102041 180.6122448979592 1
296.9387755102041 172.85714285714286 1
296.9387755102041 165.10204081632654 1
296.9387755102041 157.3469387755102 1
296.9387755102041 149.59183673469389 1
296.9387755102041 141.83673469387756 1
304.6938775510204 141.83673469387756 1
304.6938775510204 149.59183673469389 1
304.6938775510204 157.3469387755102 1
304.6938775510204 165.10204081632654 1
304.6938775510204 172.85714285714286 1
304.6938775510204 180.6122448979592 1
304.6938775510204 188.3673469387755 1
312.44897959183675 188.3673469387755 1
312.44897959183675 196.12244897959184 1
312.44897959183675 188.3673469387755 1
320.2040816326531 188.3673469387755 1
320.2040816326531 196.12244897959184 1
327.9591836734694 196.12244897959184 1
327.9591836734694 188.3673469387755 1
327.9591836734694 180.6122448979592 1
327.9591836734694 172.85714285714286 1
327.9591836734694 165.10204081632654 1
327.9591836734694 157.3469387755102 1
327.9591836734694 149.59183673469389 1
327.9591836734694 141.83673469387756 1
335.7142857142857 141.83673469387756 1
335.7142857142857 149.59183673469389 1
335.7142857142857 157.3469387755102 1
335.7142857142857 165.10204081632654 1
335.7142857142857 172.85714285714286 1
335.7142857142857 180.6122448979592 1
335.7142857142857 188.3673469387755 1
335.7142857142857 196.12244897959184 1
343.46938775510205 196.12244897959184 1
343.46938775510205 188.3673469387755 1
351.2244897959184 188.3673469387755 1
351.2244897959184 196.12244897959184 1
358.9795918367347 196.12244897959184 1
358.9795918367347 188.3673469387755 1
358.9795918367347 180.6122448979592 1
358.9795918367347 172.85714285714286 1
358.9795918367347 165.10204081632654 1
358.9795918367347 157.3469387755102 1
358.9795918367347 149.59183673469389 1
358.9795918367347 141.83673469387756 1
366.734693877551 141.83673469387756 1
366.734693877551 149.59183673469389 1
366.734693877551 157.3469387755102 1
366.734693877551 165.10204081632654 1
366.734693877551 172.85714285714286 1
366.734693877551 180.6122448979592 1
366.734693877551 188.3673469387755 1
366.734693877551 196.12244897959184 1
374.48979591836735 196.12244897959184 1
374.48979591836735 188.3673469387755 1
382.2448979591837 188.3673469387755 1
382.2448979591837 196.12244897959184 1
390.0 196.12244897959184 1
390.0 203.87755102040816 1
390.0 211.6326530612245 1
382.2448979591837 211.6326530612245 1
382.2448979591837 219.3877551020408 1
382.2448979591837 227.14285714285714 1
374.48979591836735 227.14285714285714 1
374.48979591836735 219.3877551020408 1
374.48979591836735 227.14285714285714 1
374.48979591836735 234.89795918367346 1
382.2448979591837 234.89795918367346 1
382.2448979591837 242.6530612244898 1
382.2448979591837 250.40816326530611 1
382.2448979591837 258.1632653061224 1
382.2448979591837 265.9183673469388 1
382.2448979591837 273.6734693877551 1
382.2448979591837 281.42857142857144 1
382.2448979591837 289.18367346938777 1
382.2448979591837 296.9387755102041 1
382.2448979591837 304.6938775510204 1
382.2448979591837 312.44897959183675 1
382.2448979591837 320.2040816326531 1
382.2448979591837 327.9591836734694 1
382.2448979591837 335.7142857142857 1
382.2448979591837 343.46938775510205 1
382.2448979591837 351.2244897959184 1
382.2448979591837 358.9795918367347 1
382.2448979591837 366.734693877551 1
382.2448979591837 374.48979591836735 1
382.2448979591837 382.2448979591837 1
374.48979591836735 382.2448979591837 1
374.48979591836735 374.48979591836735 1
374.48979591836735 366.734693877551 1
366.734693877551 366.734693877551 1
358.9795918367347 366.734693877551 1
358.9795918367347 358.9795918367347 1
358.9795918367347 351.2244897959184 1
351.2244897959184 351.2244897959184 1
343.46938775510205 351.2244897959184 1
343.46938775510205 343.46938775510205 1
343.46938775510205 335.7142857142857 1
335.7142857142857 335.7142857142857 1
327.9591836734694 335.7142857142857 1
327.9591836734694 327.9591836734694 1
335.7142857142857 327.9591836734694 1
343.46938775510205 327.9591836734694 1
351.2244897959184 327.9591836734694 1
351.2244897959184 335.7142857142857 1
351.2244897959184 343.46938775510205 1
358.9795918367347 343.46938775510205 1
358.9795918367347 335.7142857142857 1
358.9795918367347 327.9591836734694 1
358.9795918367347 320.2040816326531 1
351.2244897959184 320.2040816326531 1
343.46938775510205 320.2040816326531 1
343.46938775510205 312.44897959183675 1
351.2244897959184 312.44897959183675 1
358.9795918367347 312.44897959183675 1
366.734693877551 312.44897959183675 1
366.734693877551 320.2040816326531 1
366.734693877551 327.9591836734694 1
366.734693877551 335.7142857142857 1
366.734693877551 343.46938775510205 1
366.734693877551 351.2244897959184 1
366.734693877551 358.9795918367347 1
374.48979591836735 358.9795918367347 1
374.48979591836735 351.2244897959184 1
374.48979591836735 343.46938775510205 1
374.48979591836735 335.7142857142857 1
374.48979591836735 327.9591836734694 1
374.48979591836735 320.2040816326531 1
374.48979591836735 312.44897959183675 1
374.48979591836735 304.6938775510204 1
366.734693877551 304.6938775510204 1
358.9795918367347 304.6938775510204 1
351.2244897959184 304.6938775510204 1
343.46938775510205 304.6938775510204 1
343.46938775510205 296.9387755102041 1
351.2244897959184 296.9387755102041 1
358.9795918367347 296.9387755102041 1
366.734693877551 296.9387755102041 1
374.48979591836735 296.9387755102041 1
374.48979591836735 289.18367346938777 1
374.48979591836735 281.42857142857144 1
374.48979591836735 273.6734693877551 1
374.48979591836735 265.9183673469388 1
374.48979591836735 258.1632653061224 1
374.48979591836735 250.40816326530611 1
374.48979591836735 242.6530612244898 1
366.734693877551 242.6530612244898 1
366.734693877551 234.89795918367346 1
366.734693877551 242.6530612244898 1
358.9795918367347 242.6530612244898 1
358.9795918367347 250.40816326530611 1
366.734693877551 250.40816326530611 1
366.734693877551 258.1632653061224 1
358.9795918367347 258.1632653061224 1
351.2244897959184 258.1632653061224 1
351.2244897959184 250.40816326530611 1
351.2244897959184 258.1632653061224 1
351.2244897959184 265.9183673469388 1
351.2244897959184 273.6734693877551 1
343.46938775510205 273.6734693877551 1
343.46938775510205 265.9183673469388 1
343.46938775510205 273.6734693877551 1
343.46938775510205 281.42857142857144 1
351.2244897959184 281.42857142857144 1
358.9795918367347 281.42857142857144 1
358.9795918367347 273.6734693877551 1
358.9795918367347 265.9183673469388 1
366.734693877551 265.9183673469388 1
366.734693877551 273.6734693877551 1
366.734693877551 281.42857142857144 1
366.734693877551 289.18367346938777 1
358.9795918367347 289.18367346938777 1
351.2244897959184 289.18367346938777 1
343.46938775510205 289.18367346938777 1
335.7142857142857 289.18367346938777 1
335.7142857142857 281.42857142857144 1
335.7142857142857 289.18367346938777 1
327.9591836734694 289.18367346938777 1
327.9591836734694 296.9387755102041 1
335.7142857142857 296.9387755102041 1
335.7142857142857 304.6938775510204 1
327.9591836734694 304.6938775510204 1
320.2040816326531 304.6938775510204 1
320.2040816326531 296.9387755102041 1
320.2040816326531 304.6938775510204 1
320.2040816326531 312.44897959183675 1
327.9591836734694 312.44897959183675 1
335.7142857142857 312.44897959183675 1
335.7142857142857 320.2040816326531 1
327.9591836734694 320.2040816326531 1
320.2040816326531 320.2040816326531 1
312.44897959183675 320.2040816326531 1
312.44897959183675 312.44897959183675 1
312.44897959183675 320.2040816326531 1
304.6938775510204 320.2040816326531 1
304.6938775510204 327.9591836734694 1
304.6938775510204 335.7142857142857 1
304.6938775510204 327.9591836734694 1
296.9387755102041 327.9591836734694 1
304.6938775510204 327.9591836734694 1
312.44897959183675 327.9591836734694 1
320.2040816326531 327.9591836734694 1
320.2040816326531 335.7142857142857 1
312.44897959183675 335.7142857142857 1
312.44897959183675 343.46938775510205 1
320.2040816326531 343.46938775510205 1
320.2040816326531 351.2244897959184 1
320.2040816326531 343.46938775510205 1
327.9591836734694 343.46938775510205 1
335.7142857142857 343.46938775510205 1
335.7142857142857 351.2244897959184 1
327.9591836734694 351.2244897959184 1
327.9591836734694 358.9795918367347 1
335.7142857142857 358.9795918367347 1
335.7142857142857 366.734693877551 1
335.7142857142857 358.9795918367347 1
343.46938775510205 358.9795918367347 1
351.2244897959184 358.9795918367347 1
351.2244897959184 366.734693877551 1
343.46938775510205 366.734693877551 1
343.46938775510205 374.48979591836735 1
343.46938775510205 382.2448979591837 1
351.2244897959184 382.2448979591837 1
351.2244897959184 374.48979591836735 1
358.9795918367347 374.48979591836735 1
366.734693877551 374.48979591836735 1
366.734693877551 382.2448979591837 1
358.9795918367347 382.2448979591837 1
358.9795918367347 390.0 1
366.734693877551 390.0 1
374.48979591836735 390.0 1
382.2448979591837 390.0 1
390.0 390.0 1
390.0 382.2448979591837 1
390.0 374.48979591836735 1
390.0 366.734693877551 1
390.0 358.9795918367347 1
390.0 351.2244897959184 1
390.0 343.46938775510205 1
390.0 335.7142857142857 1
390.0 327.9591836734694 1
390.0 320.2040816326531 1
390.0 312.44897959183675 1
390.0 304.6938775510204 1
390.0 296.9387755102041 1
390.0 289.18367346938777 1
390.0 281.42857142857144 1
390.0 273.6734693877551 1
390.0 265.9183673469388 1
390.0 258.1632653061224 1
390.0 250.40816326530611 1
390.0 242.6530612244898 1
390.0 234.89795918367346 1
390.0 227.14285714285714 1
390.0 219.3877551020408 1
390.0 211.6326530612245 1
390.0 203.87755102040816 1
390.0 196.12244897959184 1
390.0 188.3673469387755 1
390.0 180.6122448979592 1
390.0 172.85714285714286 1
390.0 165.10204081632654 1
390.0 157.3469387755102 1
390.0 149.59183673469389 1
390.0 141.83673469387756 1
390.0 134.0816326530612 1
390.0 126.3265306122449 1
390.0 118.57142857142857 1
390.0 110.81632653061224 1
382.2448979591837 110.81632653061224 1
382.2448979591837 118.57142857142857 1
374.48979591836735 118.57142857142857 1
374.48979591836735 110.81632653061224 1
366.734693877551 110.81632653061224 1
366.734693877551 118.57142857142857 1
358.9795918367347 118.57142857142857 1
358.9795918367347 110.81632653061224 1
351.2244897959184 110.81632653061224 1
351.2244897959184 118.57142857142857 1
343.46938775510205 118.57142857142857 1
343.46938775510205 110.81632653061224 1
335.7142857142857 110.81632653061224 1
335.7142857142857 118.57142857142857 1
327.9591836734694 118.57142857142857 1
327.9591836734694 110.81632653061224 1
320.2040816326531 110.81632653061224 1
320.2040816326531 118.57142857142857 1
312.44897959183675 118.57142857142857 1
312.44897959183675 110.81632653061224 1
312.44897959183675 103.06122448979592 1
304.6938775510204 103.06122448979592 1
296.9387755102041 103.06122448979592 1
289.18367346938777 103.06122448979592 1
281.42857142857144 103.06122448979592 1
273.6734693877551 103.06122448979592 1
265.9183673469388 103.06122448979592 1
258.1632653061224 103.06122448979592 1
250.40816326530611 103.06122448979592 1
242.6530612244898 103.06122448979592 1
234.89795918367346 103.06122448979592 1
234.89795918367346 95.3061224489796 1
227.14285714285714 95.3061224489796 1
227.14285714285714 103.06122448979592 1
219.3877551020408 103.06122448979592 1
219.3877551020408 95.3061224489796 1
211.6326530612245 95.3061224489796 1
211.6326530612245 103.06122448979592 1
203.87755102040816 103.06122448979592 1
203.87755102040816 95.3061224489796 1
196.12244897959184 95.3061224489796 1
196.12244897959184 103.06122448979592 1
188.3673469387755 103.06122448979592 1
188.3673469387755 95.3061224489796 1
180.6122448979592 95.3061224489796 1
180.6122448979592 103.06122448979592 1
172.85714285714286 103.06122448979592 1
172.85714285714286 95.3061224489796 1
165.10204081632654 95.3061224489796 1
165.10204081632654 103.06122448979592 1
157.3469387755102 103.06122448979592 1
157.3469387755102 95.3061224489796 1
157.3469387755102 87.55102040816327 1
149.59183673469389 87.55102040816327 1
141.83673469387756 87.55102040816327 1
134.0816326530612 87.55102040816327 1
126.3265306122449 87.55102040816327 1
126.3265306122449 95.3061224489796 1
134.0816326530612 95.3061224489796 1
134.0816326530612 103.06122448979592 1
126.3265306122449 103.06122448979592 1
118.57142857142857 103.06122448979592 1
118.57142857142857 95.3061224489796 1
118.57142857142857 103.06122448979592 1
110.81632653061224 103.06122448979592 1
110.81632653061224 110.81632653061224 1
118.57142857142857 110.81632653061224 1
118.57142857142857 118.57142857142857 1
118.57142857142857 126.3265306122449 1
79.79591836734694 165.10204081632654 2
79.79591836734694 157.3469387755102 2
87.55102040816327 157.3469387755102 2
87.55102040816327 165.10204081632654 2
87.55102040816327 172.85714285714286 2
87.55102040816327 180.6122448979592 2
87.55102040816327 188.3673469387755 2
95.3061224489796 188.3673469387755 2
95.3061224489796 196.12244897959184 2
95.3061224489796 188.3673469387755 2
103.06122448979592 188.3673469387755 2
103.06122448979592 180.6122448979592 2
95.3061224489796 180.6122448979592 2
95.3061224489796 172.85714285714286 2
103.06122448979592 172.85714285714286 2
110.81632653061224 172.85714285714286 2
110.81632653061224 180.6122448979592 2
110.81632653061224 172.85714285714286 2
118.57142857142857 172.85714285714286 2
118.57142857142857 165.10204081632654 2
110.81632653061224 165.10204081632654 2
110.81632653061224 157.3469387755102 2
103.06122448979592 157.3469387755102 2
103.06122448979592 165.10204081632654 2
95.3061224489796 165.10204081632654 2
95.3061224489796 157.3469387755102 2
95.3061224489796 149.59183673469389 2
103.06122448979592 149.59183673469389 2
95.3061224489796 149.59183673469389 2
95.3061224489796 141.83673469387756 2
87.55102040816327 141.83673469387756 2
87.55102040816327 149.59183673469389 2
79.79591836734694 149.59183673469389 2
79.79591836734694 141.83673469387756 2
79.79591836734694 134.0816326530612 2
87.55102040816327 134.0816326530612 2
79.79591836734694 134.0816326530612 2
79.79591836734694 126.3265306122449 2
72.0408163265306 126.3265306122449 2
72.0408163265306 134.0816326530612 2
72.0408163265306 141.83673469387756 2
72.0408163265306 149.59183673469389 2
72.0408163265306 157.3469387755102 2
72.0408163265306 165.10204081632654 2
72.0408163265306 172.85714285714286 2
72.0408163265306 180.6122448979592 2
72.0408163265306 188.3673469387755 2
72.0408163265306 196.12244897959184 2
72.0408163265306 203.87755102040816 2
72.0408163265306 211.6326530612245 2
72.0408163265306 219.3877551020408 2
72.0408163265306 227.14285714285714 2
72.0408163265306 234.89795918367346 2
72.0408163265306 242.6530612244898 2
72.0408163265306 250.40816326530611 2
72.0408163265306 258.1632653061224 2
72.0408163265306 265.9183673469388 2
72.0408163265306 273.6734693877551 2
72.0408163265306 281.42857142857144 2
72.0408163265306 289.18367346938777 2
72.0408163265306 296.9387755102041 2
72.0408163265306 304.6938775510204 2
72.0408163265306 312.44897959183675 2
72.0408163265306 320.2040816326531 2
72.0408163265306 327.9591836734694 2
79.79591836734694 327.9591836734694 2
87.55102040816327 327.9591836734694 2
95.3061224489796 327.9591836734694 2
103.06122448979592 327.9591836734694 2
103.06122448979592 335.7142857142857 2
95.3061224489796 335.7142857142857 2
87.55102040816327 335.7142857142857 2
79.79591836734694 335.7142857142857 2
72.0408163265306 335.7142857142857 2
64.28571428571428 335.7142857142857 2
64.28571428571428 327.9591836734694 2
64.28571428571428 320.2040816326531 2
64.28571428571428 312.44897959183675 2
64.28571428571428 304.6938775510204 2
64.28571428571428 296.9387755102041 2
64.28571428571428 289.18367346938777 2
64.28571428571428 281.42857142857144 2
64.28571428571428 273.6734693877551 2
64.28571428571428 265.9183673469388 2
64.28571428571428 258.1632653061224 2
64.28571428571428 250.40816326530611 2
64.28571428571428 242.6530612244898 2
64.28571428571428 234.89795918367346 2
64.28571428571428 227.14285714285714 2
64.28571428571428 219.3877551020408 2
64.28571428571428 211.6326530612245 2
64.28571428571428 203.87755102040816 2
64.28571428571428 196.12244897959184 2
64.28571428571428 188.3673469387755 2
64.28571428571428 180.6122448979592 2
64.28571428571428 172.85714285714286 2
64.28571428571428 165.10204081632654 2
64.28571428571428 157.3469387755102 2
64.28571428571428 149.59183673469389 2
64.28571428571428 141.83673469387756 2
64.28571428571428 134.0816326530612 2
64.28571428571428 126.3265306122449 2
56.53061224489796 126.3265306122449 2
56.53061224489796 134.0816326530612 2
48.775510204081634 134.0816326530612 2
48.775510204081634 126.3265306122449 2
41.0204081632653 126.3265306122449 2
41.0204081632653 134.0816326530612 2
41.0204081632653 141.83673469387756 2
41.0204081632653 149.59183673469389 2
41.0204081632653 157.3469387755102 2
41.0204081632653 165.10204081632654 2
41.0204081632653 172.85714285714286 2
41.0204081632653 180.6122448979592 2
41.0204081632653 188.3673469387755 2
41.0204081632653 196.12244897959184 2
41.0204081632653 203.87755102040816 2
41.0204081632653 211.6326530612245 2
41.0204081632653 219.3877551020408 2
41.0204081632653 227.14285714285714 2
41.0204081632653 234.89795918367346 2
41.0204081632653 242.6530612244898 2
41.0204081632653 250.40816326530611 2
41.0204081632653 258.1632653061224 2
41.0204081632653 265.9183673469388 2
41.0204081632653 273.6734693877551 2
41.0204081632653 281.42857142857144 2
41.0204081632653 289.18367346938777 2
41.0204081632653 296.9387755102041 2
41.0204081632653 304.6938775510204 2
41.0204081632653 312.44897959183675 2
41.0204081632653 320.2040816326531 2
41.0204081632653 327.9591836734694 2
41.0204081632653 335.7142857142857 2
41.0204081632653 343.46938775510205 2
41.0204081632653 351.2244897959184 2
41.0204081632653 358.9795918367347 2
48.775510204081634 358.9795918367347 2
56.53061224489796 358.9795918367347 2
64.28571428571428 358.9795918367347 2
72.0408163265306 358.9795918367347 2
79.79591836734694 358.9795918367347 2
87.55102040816327 358.9795918367347 2
95.3061224489796 358.9795918367347 2
103.06122448979592 358.9795918367347 2
103.06122448979592 366.734693877551 2
95.3061224489796 366.734693877551 2
87.55102040816327 366.734693877551 2
79.79591836734694 366.734693877551 2
72.0408163265306 366.734693877551 2
64.28571428571428 366.734693877551 2
56.53061224489796 366.734693877551 2
48.775510204081634 366.734693877551 2
41.0204081632653 366.734693877551 2
33.265306122448976 366.734693877551 2
33.265306122448976 358.9795918367347 2
33.265306122448976 351.2244897959184 2
33.265306122448976 343.46938775510205 2
33.265306122448976 335.7142857142857 2
33.265306122448976 327.9591836734694 2
33.265306122448976 320.2040816326531 2
33.265306122448976 312.44897959183675 2
33.265306122448976 304.6938775510204 2
33.265306122448976 296.9387755102041 2
33.265306122448976 289.18367346938777 2
33.265306122448976 281.42857142857144 2
33.265306122448976 273.6734693877551 2
33.265306122448976 265.9183673469388 2
33.265306122448976 258.1632653061224 2
33.265306122448976 250.40816326530611 2
33.265306122448976 242.6530612244898 2
33.265306122448976 234.89795918367346 2
33.265306122448976 227.14285714285714 2
33.265306122448976 219.3877551020408 2
33.265306122448976 211.6326530612245 2
33.265306122448976 203.87755102040816 2
33.265306122448976 196.12244897959184 2
33.265306122448976 188.3673469387755 2
33.265306122448976 180.6122448979592 2
33.265306122448976 172.85714285714286 2
33.265306122448976 165.10204081632654 2
33.265306122448976 157.3469387755102 2
33.265306122448976 149.59183673469389 2
33.265306122448976 141.83673469387756 2
33.265306122448976 134.0816326530612 2
33.265306122448976 126.3265306122449 2
25.51020408163265 126.3265306122449 2
25.51020408163265 134.0816326530612 2
17.755102040816325 134.0816326530612 2
17.755102040816325 126.3265306122449 2
17.755102040816325 126.3265306122449 2
10.0 126.3265306122449 2
10.0 134.0816326530612 2
10.0 141.83673469387756 2
10.0 149.59183673469389 2
10.0 157.3469387755102 2
10.0 165.10204081632654 2
10.0 172.85714285714286 2
10.0 180.6122448979592 2
10.0 188.3673469387755 2
10.0 196.12244897959184 2
10.0 203.87755102040816 2
10.0 211.6326530612245 2
10.0 219.3877551020408 2
10.0 227.14285714285714 2
10.0 234.89795918367346 2
10.0 242.6530612244898 2
10.0 250.40816326530611 2
10.0 258.1632653061224 2
10.0 265.9183673469388 2
10.0 273.6734693877551 2
10.0 281.42857142857144 2
10.0 289.18367346938777 2
10.0 296.9387755102041 2
10.0 304.6938775510204 2
10.0 312.44897959183675 2
10.0 320.2040816326531 2
10.0 327.9591836734694 2
10.0 335.7142857142857 2
10.0 343.46938775510205 2
10.0 351.2244897959184 2
10.0 358.9795918367347 2
10.0 366.734693877551 2
10.0 374.48979591836735 2
10.0 382.2448979591837 2
10.0 390.0 2
17.755102040816325 390.0 2
25.51020408163265 390.0 2
33.265306122448976 390.0 2
41.0204081632653 390.0 2
48.775510204081634 390.0 2
56.53061224489796 390.0 2
64.28571428571428 390.0 2
72.0408163265306 390.0 2
79.79591836734694 390.0 2
87.55102040816327 390.0 2
95.3061224489796 390.0 2
103.06122448979592 390.0 2
110.81632653061224 390.0 2
118.57142857142857 390.0 2
126.3265306122449 390.0 2
134.0816326530612 390.0 2
141.83673469387756 390.0 2
149.59183673469389 390.0 2
157.3469387755102 390.0 2
165.10204081632654 390.0 2
172.85714285714286 390.0 2
180.6122448979592 390.0 2
188.3673469387755 390.0 2
196.12244897959184 390.0 2
203.87755102040816 390.0 2
211.6326530612245 390.0 2
219.3877551020408 390.0 2
227.14285714285714 390.0 2
234.89795918367346 390.0 2
242.6530612244898 390.0 2
250.40816326530611 390.0 2
258.1632653061224 390.0 2
265.9183673469388 390.0 2
273.6734693877551 390.0 2
281.42857142857144 390.0 2
289.18367346938777 390.0 2
296.9387755102041 390.0 2
304.6938775510204 390.0 2
312.44897959183675 390.0 2
320.2040816326531 390.0 2
327.9591836734694 390.0 2
335.7142857142857 390.0 2
343.46938775510205 390.0 2
351.2244897959184 390.0 2
343.46938775510205 390.0 2
335.7142857142857 390.0 2
335.7142857142857 382.2448979591837 2
327.9591836734694 382.2448979591837 2
327.9591836734694 374.48979591836735 2
335.7142857142857 374.48979591836735 2
327.9591836734694 374.48979591836735 2
327.9591836734694 366.734693877551 2
320.2040816326531 366.734693877551 2
312.44897959183675 366.734693877551 2
304.6938775510204 366.734693877551 2
296.9387755102041 366.734693877551 2
289.18367346938777 366.734693877551 2
281.42857142857144 366.734693877551 2
273.6734693877551 366.734693877551 2
265.9183673469388 366.734693877551 2
258.1632653061224 366.734693877551 2
250.40816326530611 366.734693877551 2
242.6530612244898 366.734693877551 2
234.89795918367346 366.734693877551 2
227.14285714285714 366.734693877551 2
219.3877551020408 366.734693877551 2
219.3877551020408 358.9795918367347 2
227.14285714285714 358.9795918367347 2
234.89795918367346 358.9795918367347 2
242.6530612244898 358.9795918367347 2
250.40816326530611 358.9795918367347 2
258.1632653061224 358.9795918367347 2
265.9183673469388 358.9795918367347 2
273.6734693877551 358.9795918367347 2
281.42857142857144 358.9795918367347 2
289.18367346938777 358.9795918367347 2
296.9387755102041 358.9795918367347 2
304.6938775510204 358.9795918367347 2
312.44897959183675 358.9795918367347 2
320.2040816326531 358.9795918367347 2
312.44897959183675 358.9795918367347 2
312.44897959183675 351.2244897959184 2
304.6938775510204 351.2244897959184 2
296.9387755102041 351.2244897959184 2
289.18367346938777 351.2244897959184 2
281.42857142857144 351.2244897959184 2
273.6734693877551 351.2244897959184 2
265.9183673469388 351.2244897959184 2
265.9183673469388 343.46938775510205 2
273.6734693877551 343.46938775510205 2
281.42857142857144 343.46938775510205 2
289.18367346938777 343.46938775510205 2
296.9387755102041 343.46938775510205 2
304.6938775510204 343.46938775510205 2
296.9387755102041 343.46938775510205 2
296.9387755102041 335.7142857142857 2
289.18367346938777 335.7142857142857 2
281.42857142857144 335.7142857142857 2
273.6734693877551 335.7142857142857 2
265.9183673469388 335.7142857142857 2
258.1632653061224 335.7142857142857 2
258.1632653061224 343.46938775510205 2
258.1632653061224 351.2244897959184 2
250.40816326530611 351.2244897959184 2
250.40816326530611 343.46938775510205 2
242.6530612244898 343.46938775510205 2
242.6530612244898 351.2244897959184 2
234.89795918367346 351.2244897959184 2
234.89795918367346 343.46938775510205 2
227.14285714285714 343.46938775510205 2
227.14285714285714 351.2244897959184 2
219.3877551020408 351.2244897959184 2
211.6326530612245 351.2244897959184 2
203.87755102040816 351.2244897959184 2
203.87755102040816 358.9795918367347 2
211.6326530612245 358.9795918367347 2
211.6326530612245 366.734693877551 2
203.87755102040816 366.734693877551 2
196.12244897959184 366.734693877551 2
188.3673469387755 366.734693877551 2
188.3673469387755 358.9795918367347 2
196.12244897959184 358.9795918367347 2
188.3673469387755 358.9795918367347 2
180.6122448979592 358.9795918367347 2
180.6122448979592 366.734693877551 2
172.85714285714286 366.734693877551 2
165.10204081632654 366.734693877551 2
165.10204081632654 374.48979591836735 2
172.85714285714286 374.48979591836735 2
180.6122448979592 374.48979591836735 2
188.3673469387755 374.48979591836735 2
196.12244897959184 374.48979591836735 2
203.87755102040816 374.48979591836735 2
211.6326530612245 374.48979591836735 2
219.3877551020408 374.48979591836735 2
227.14285714285714 374.48979591836735 2
234.89795918367346 374.48979591836735 2
242.6530612244898 374.48979591836735 2
250.40816326530611 374.48979591836735 2
258.1632653061224 374.48979591836735 2
265.9183673469388 374.48979591836735 2
273.6734693877551 374.48979591836735 2
281.42857142857144 374.48979591836735 2
289.18367346938777 374.48979591836735 2
296.9387755102041 374.48979591836735 2
304.6938775510204 374.48979591836735 2
312.44897959183675 374.48979591836735 2
320.2040816326531 374.48979591836735 2
320.2040816326531 382.2448979591837 2
312.44897959183675 382.2448979591837 2
304.6938775510204 382.2448979591837 2
296.9387755102041 382.2448979591837 2
289.18367346938777 382.2448979591837 2
281.42857142857144 382.2448979591837 2
273.6734693877551 382.2448979591837 2
265.9183673469388 382.2448979591837 2
258.1632653061224 382.2448979591837 2
250.40816326530611 382.2448979591837 2
242.6530612244898 382.2448979591837 2
234.89795918367346 382.2448979591837 2
227.14285714285714 382.2448979591837 2
219.3877551020408 382.2448979591837 2
211.6326530612245 382.2448979591837 2
203.87755102040816 382.2448979591837 2
196.12244897959184 382.2448979591837 2
188.3673469387755 382.2448979591837 2
180.6122448979592 382.2448979591837 2
172.85714285714286 382.2448979591837 2
165.10204081632654 382.2448979591837 2
157.3469387755102 382.2448979591837 2
157.3469387755102 374.48979591836735 2
149.59183673469389 374.48979591836735 2
149.59183673469389 382.2448979591837 2
141.83673469387756 382.2448979591837 2
141.83673469387756 374.48979591836735 2
141.83673469387756 382.2448979591837 2
134.0816326530612 382.2448979591837 2
126.3265306122449 382.2448979591837 2
118.57142857142857 382.2448979591837 2
110.81632653061224 382.2448979591837 2
103.06122448979592 382.2448979591837 2
95.3061224489796 382.2448979591837 2
87.55102040816327 382.2448979591837 2
79.79591836734694 382.2448979591837 2
72.0408163265306 382.2448979591837 2
64.28571428571428 382.2448979591837 2
56.53061224489796 382.2448979591837 2
48.775510204081634 382.2448979591837 2
41.0204081632653 382.2448979591837 2
33.265306122448976 382.2448979591837 2
25.51020408163265 382.2448979591837 2
17.755102040816325 382.2448979591837 2
17.755102040816325 374.48979591836735 2
17.755102040816325 366.734693877551 2
17.755102040816325 358.9795918367347 2
17.755102040816325 351.2244897959184 2
17.755102040816325 343.46938775510205 2
17.755102040816325 335.7142857142857 2
17.755102040816325 327.9591836734694 2
17.755102040816325 320.2040816326531 2
17.755102040816325 312.44897959183675 2
17.755102040816325 304.6938775510204 2
17.755102040816325 296.9387755102041 2
17.755102040816325 289.18367346938777 2
17.755102040816325 281.42857142857144 2
17.755102040816325 273.6734693877551 2
17.755102040816325 265.9183673469388 2
17.755102040816325 258.1632653061224 2
17.755102040816325 250.40816326530611 2
17.755102040816325 242.6530612244898 2
17.755102040816325 234.89795918367346 2
17.755102040816325 227.14285714285714 2
17.755102040816325 219.3877551020408 2
17.755102040816325 211.6326530612245 2
17.755102040816325 203.87755102040816 2
17.755102040816325 196.12244897959184 2
17.755102040816325 188.3673469387755 2
17.755102040816325 180.6122448979592 2
17.755102040816325 172.85714285714286 2
17.755102040816325 165.10204081632654 2
17.755102040816325 157.3469387755102 2
17.755102040816325 149.59183673469389 2
17.755102040816325 141.83673469387756 2
25.51020408163265 141.83673469387756 2
25.51020408163265 149.59183673469389 2
25.51020408163265 157.3469387755102 2
25.51020408163265 165.10204081632654 2
25.51020408163265 172.85714285714286 2
25.51020408163265 180.6122448979592 2
25.51020408163265 188.3673469387755 2
25.51020408163265 196.12244897959184 2
25.51020408163265 203.87755102040816 2
25.51020408163265 211.6326530612245 2
25.51020408163265 219.3877551020408 2
25.51020408163265 227.14285714285714 2
25.51020408163265 234.89795918367346 2
25.51020408163265 242.6530612244898 2
25.51020408163265 250.40816326530611 2
25.51020408163265 258.1632653061224 2
25.51020408163265 265.9183673469388 2
25.51020408163265 273.6734693877551 2
25.51020408163265 281.42857142857144 2
25.51020408163265 289.18367346938777 2
25.51020408163265 296.9387755102041 2
25.51020408163265 304.6938775510204 2
25.51020408163265 312.44897959183675 2
25.51020408163265 320.2040816326531 2
25.51020408163265 327.9591836734694 2
25.51020408163265 335.7142857142857 2
25.51020408163265 343.46938775510205 2
25.51020408163265 351.2244897959184 2
25.51020408163265 358.9795918367347 2
25.51020408163265 366.734693877551 2
25.51020408163265 374.48979591836735 2
33.265306122448976 374.48979591836735 2
41.0204081632653 374.48979591836735 2
48.775510204081634 374.48979591836735 2
56.53061224489796 374.48979591836735 2
64.28571428571428 374.48979591836735 2
72.0408163265306 374.48979591836735 2
79.79591836734694 374.48979591836735 2
87.55102040816327 374.48979591836735 2
95.3061224489796 374.48979591836735 2
103.06122448979592 374.48979591836735 2
110.81632653061224 374.48979591836735 2
118.57142857142857 374.48979591836735 2
118.57142857142857 366.734693877551 2
110.81632653061224 366.734693877551 2
110.81632653061224 358.9795918367347 2
118.57142857142857 358.9795918367347 2
118.57142857142857 351.2244897959184 2
110.81632653061224 351.2244897959184 2
103.06122448979592 351.2244897959184 2
95.3061224489796 351.2244897959184 2
87.55102040816327 351.2244897959184 2
79.79591836734694 351.2244897959184 2
72.0408163265306 351.2244897959184 2
64.28571428571428 351.2244897959184 2
56.53061224489796 351.2244897959184 2
48.775510204081634 351.2244897959184 2
48.775510204081634 343.46938775510205 2
48.775510204081634 335.7142857142857 2
48.775510204081634 327.9591836734694 2
48.775510204081634 320.2040816326531 2
48.775510204081634 312.44897959183675 2
48.775510204081634 304.6938775510204 2
48.775510204081634 296.9387755102041 2
48.775510204081634 289.18367346938777 2
48.775510204081634 281.42857142857144 2
48.775510204081634 273.6734693877551 2
48.775510204081634 265.9183673469388 2
48.775510204081634 258.1632653061224 2
48.775510204081634 250.40816326530611 2
48.775510204081634 242.6530612244898 2
48.775510204081634 234.89795918367346 2
48.775510204081634 227.14285714285714 2
48.775510204081634 219.3877551020408 2
48.775510204081634 211.6326530612245 2
48.775510204081634 203.87755102040816 2
48.775510204081634 196.12244897959184 2
48.775510204081634 188.3673469387755 2
48.775510204081634 180.6122448979592 2
48.775510204081634 172.85714285714286 2
48.775510204081634 165.10204081632654 2
48.775510204081634 157.3469387755102 2
48.775510204081634 149.59183673469389 2
48.775510204081634 141.83673469387756 2
56.53061224489796 141.83673469387756 2
56.53061224489796 149.59183673469389 2
56.53061224489796 157.3469387755102 2
56.53061224489796 165.10204081632654 2
56.53061224489796 172.85714285714286 2
56.53061224489796 180.6122448979592 2
56.53061224489796 188.3673469387755 2
56.53061224489796 196.12244897959184 2
56.53061224489796 203.87755102040816 2
56.53061224489796 211.6326530612245 2
56.53061224489796 219.3877551020408 2
56.53061224489796 227.14285714285714 2
56.53061224489796 234.89795918367346 2
56.53061224489796 242.6530612244898 2
56.53061224489796 250.40816326530611 2
56.53061224489796 258.1632653061224 2
56.53061224489796 265.9183673469388 2
56.53061224489796 273.6734693877551 2
56.53061224489796 281.42857142857144 2
56.53061224489796 289.18367346938777 2
56.53061224489796 296.9387755102041 2
56.53061224489796 304.6938775510204 2
56.53061224489796 312.44897959183675 2
56.53061224489796 320.2040816326531 2
56.53061224489796 327.9591836734694 2
56.53061224489796 335.7142857142857 2
56.53061224489796 343.46938775510205 2
64.28571428571428 343.46938775510205 2
72.0408163265306 343.46938775510205 2
79.79591836734694 343.46938775510205 2
87.55102040816327 343.46938775510205 2
95.3061224489796 343.46938775510205 2
103.06122448979592 343.46938775510205 2
110.81632653061224 343.46938775510205 2
118.57142857142857 343.46938775510205 2
118.57142857142857 335.7142857142857 2
110.81632653061224 335.7142857142857 2
110.81632653061224 327.9591836734694 2
110.81632653061224 320.2040816326531 2
103.06122448979592 320.2040816326531 2
95.3061224489796 320.2040816326531 2
87.55102040816327 320.2040816326531 2
79.79591836734694 320.2040816326531 2
79.79591836734694 312.44897959183675 2
79.79591836734694 304.6938775510204 2
79.79591836734694 296.9387755102041 2
79.79591836734694 289.18367346938777 2
79.79591836734694 281.42857142857144 2
79.79591836734694 273.6734693877551 2
79.79591836734694 265.9183673469388 2
79.79591836734694 258.1632653061224 2
79.79591836734694 250.40816326530611 2
79.79591836734694 242.6530612244898 2
79.79591836734694 234.89795918367346 2
87.55102040816327 234.89795918367346 2
87.55102040816327 242.6530612244898 2
87.55102040816327 250.40816326530611 2
87.55102040816327 258.1632653061224 2
87.55102040816327 265.9183673469388 2
87.55102040816327 273.6734693877551 2
87.55102040816327 281.42857142857144 2
87.55102040816327 289.18367346938777 2
87.55102040816327 296.9387755102041 2
87.55102040816327 304.6938775510204 2
87.55102040816327 312.44897959183675 2
95.3061224489796 312.44897959183675 2
103.06122448979592 312.44897959183675 2
110.81632653061224 312.44897959183675 2
110.81632653061224 304.6938775510204 2
110.81632653061224 296.9387755102041 2
110.81632653061224 289.18367346938777 2
103.06122448979592 289.18367346938777 2
103.06122448979592 296.9387755102041 2
103.06122448979592 304.6938775510204 2
95.3061224489796 304.6938775510204 2
95.3061224489796 296.9387755102041 2
95.3061224489796 289.18367346938777 2
95.3061224489796 281.42857142857144 2
103.06122448979592 281.42857142857144 2
103.06122448979592 273.6734693877551 2
95.3061224489796 273.6734693877551 2
95.3061224489796 265.9183673469388 2
103.06122448979592 265.9183673469388 2
103.06122448979592 258.1632653061224 2
95.3061224489796 258.1632653061224 2
95.3061224489796 250.40816326530611 2
103.06122448979592 250.40816326530611 2
95.3061224489796 250.40816326530611 2
95.3061224489796 242.6530612244898 2
95.3061224489796 234.89795918367346 2
95.3061224489796 227.14285714285714 2
95.3061224489796 219.3877551020408 2
87.55102040816327 219.3877551020408 2
87.55102040816327 227.14285714285714 2
79.79591836734694 227.14285714285714 2
79.79591836734694 219.3877551020408 2
79.79591836734694 211.6326530612245 2
79.79591836734694 203.87755102040816 2
87.55102040816327 203.87755102040816 2
87.55102040816327 211.6326530612245 2
87.55102040816327 203.87755102040816 2
87.55102040816327 196.12244897959184 2
79.79591836734694 196.12244897959184 2
79.79591836734694 188.3673469387755 2
79.79591836734694 180.6122448979592 2
79.79591836734694 172.85714285714286 2
126.3265306122449 203.87755102040816 3
126.3265306122449 196.12244897959184 3
126.3265306122449 188.3673469387755 3
134.0816326530612 188.3673469387755 3
134.0816326530612 196.12244897959184 3
134.0816326530612 203.87755102040816 3
141.83673469387756 203.87755102040816 3
149.59183673469389 203.87755102040816 3
149.59183673469389 211.6326530612245 3
149.59183673469389 219.3877551020408 3
149.59183673469389 227.14285714285714 3
149.59183673469389 234.89795918367346 3
157.3469387755102 234.89795918367346 3
165.10204081632654 234.89795918367346 3
172.85714285714286 234.89795918367346 3
180.6122448979592 234.89795918367346 3
188.3673469387755 234.89795918367346 3
196.12244897959184 234.89795918367346 3
203.87755102040816 234.89795918367346 3
211.6326530612245 234.89795918367346 3
219.3877551020408 234.89795918367346 3
227.14285714285714 234.89795918367346 3
234.89795918367346 234.89795918367346 3
242.6530612244898 234.89795918367346 3
250.40816326530611 234.89795918367346 3
258.1632653061224 234.89795918367346 3
265.9183673469388 234.89795918367346 3
265.9183673469388 227.14285714285714 3
265.9183673469388 219.3877551020408 3
265.9183673469388 211.6326530612245 3
265.9183673469388 203.87755102040816 3
265.9183673469388 196.12244897959184 3
258.1632653061224 196.12244897959184 3
250.40816326530611 196.12244897959184 3
242.6530612244898 196.12244897959184 3
242.6530612244898 203.87755102040816 3
242.6530612244898 211.6326530612245 3
234.89795918367346 211.6326530612245 3
234.89795918367346 203.87755102040816 3
234.89795918367346 196.12244897959184 3
234.89795918367346 188.3673469387755 3
242.6530612244898 188.3673469387755 3
234.89795918367346 188.3673469387755 3
227.14285714285714 188.3673469387755 3
227.14285714285714 196.12244897959184 3
219.3877551020408 196.12244897959184 3
219.3877551020408 188.3673469387755 3
211.6326530612245 188.3673469387755 3
211.6326530612245 196.12244897959184 3
211.6326530612245 203.87755102040816 3
211.6326530612245 211.6326530612245 3
203.87755102040816 211.6326530612245 3
196.12244897959184 211.6326530612245 3
188.3673469387755 211.6326530612245 3
180.6122448979592 211.6326530612245 3
172.85714285714286 211.6326530612245 3
172.85714285714286 203.87755102040816 3
172.85714285714286 196.12244897959184 3
172.85714285714286 188.3673469387755 3
180.6122448979592 188.3673469387755 3
180.6122448979592 196.12244897959184 3
180.6122448979592 203.87755102040816 3
188.3673469387755 203.87755102040816 3
196.12244897959184 203.87755102040816 3
203.87755102040816 203.87755102040816 3
203.87755102040816 196.12244897959184 3
203.87755102040816 188.3673469387755 3
196.12244897959184 188.3673469387755 3
196.12244897959184 196.12244897959184 3
188.3673469387755 196.12244897959184 3
188.3673469387755 188.3673469387755 3
188.3673469387755 180.6122448979592 3
180.6122448979592 180.6122448979592 3
172.85714285714286 180.6122448979592 3
165.10204081632654 180.6122448979592 3
157.3469387755102 180.6122448979592 3
149.59183673469389 180.6122448979592 3
149.59183673469389 188.3673469387755 3
157.3469387755102 188.3673469387755 3
165.10204081632654 188.3673469387755 3
165.10204081632654 196.12244897959184 3
165.10204081632654 203.87755102040816 3
165.10204081632654 211.6326530612245 3
165.10204081632654 219.3877551020408 3
172.85714285714286 219.3877551020408 3
180.6122448979592 219.3877551020408 3
188.3673469387755 219.3877551020408 3
196.12244897959184 219.3877551020408 3
203.87755102040816 219.3877551020408 3
211.6326530612245 219.3877551020408 3
219.3877551020408 219.3877551020408 3
219.3877551020408 211.6326530612245 3
219.3877551020408 203.87755102040816 3
227.14285714285714 203.87755102040816 3
227.14285714285714 211.6326530612245 3
227.14285714285714 219.3877551020408 3
234.89795918367346 219.3877551020408 3
242.6530612244898 219.3877551020408 3
250.40816326530611 219.3877551020408 3
250.40816326530611 211.6326530612245 3
250.40816326530611 203.87755102040816 3
258.1632653061224 203.87755102040816 3
258.1632653061224 211.6326530612245 3
258.1632653061224 219.3877551020408 3
258.1632653061224 227.14285714285714 3
250.40816326530611 227.14285714285714 3
242.6530612244898 227.14285714285714 3
234.89795918367346 227.14285714285714 3
227.14285714285714 227.14285714285714 3
219.3877551020408 227.14285714285714 3
211.6326530612245 227.14285714285714 3
203.87755102040816 227.14285714285714 3
196.12244897959184 227.14285714285714 3
188.3673469387755 227.14285714285714 3
180.6122448979592 227.14285714285714 3
172.85714285714286 227.14285714285714 3
165.10204081632654 227.14285714285714 3
157.3469387755102 227.14285714285714 3
157.3469387755102 219.3877551020408 3
157.3469387755102 211.6326530612245 3
157.3469387755102 203.87755102040816 3
157.3469387755102 196.12244897959184 3
149.59183673469389 196.12244897959184 3
141.83673469387756 196.12244897959184 3
141.83673469387756 188.3673469387755 3
141.83673469387756 180.6122448979592 3
134.0816326530612 180.6122448979592 3
134.0816326530612 172.85714285714286 3
126.3265306122449 172.85714285714286 3
126.3265306122449 180.6122448979592 3
118.57142857142857 180.6122448979592 3
118.57142857142857 188.3673469387755 3
118.57142857142857 196.12244897959184 3
118.57142857142857 203.87755102040816 3
118.57142857142857 211.6326530612245 3
118.57142857142857 219.3877551020408 3
126.3265306122449 219.3877551020408 3
134.0816326530612 219.3877551020408 3
134.0816326530612 227.14285714285714 3
134.0816326530612 234.89795918367346 3
134.0816326530612 242.6530612244898 3
134.0816326530612 250.40816326530611 3
141.83673469387756 250.40816326530611 3
149.59183673469389 250.40816326530611 3
157.3469387755102 250.40816326530611 3
165.10204081632654 250.40816326530611 3
172.85714285714286 250.40816326530611 3
180.6122448979592 250.40816326530611 3
188.3673469387755 250.40816326530611 3
196.12244897959184 250.40816326530611 3
203.87755102040816 250.40816326530611 3
211.6326530612245 250.40816326530611 3
219.3877551020408 250.40816326530611 3
227.14285714285714 250.40816326530611 3
234.89795918367346 250.40816326530611 3
242.6530612244898 250.40816326530611 3
250.40816326530611 250.40816326530611 3
258.1632653061224 250.40816326530611 3
258.1632653061224 258.1632653061224 3
258.1632653061224 265.9183673469388 3
265.9183673469388 265.9183673469388 3
273.6734693877551 265.9183673469388 3
273.6734693877551 273.6734693877551 3
265.9183673469388 273.6734693877551 3
258.1632653061224 273.6734693877551 3
250.40816326530611 273.6734693877551 3
250.40816326530611 265.9183673469388 3
250.40816326530611 258.1632653061224 3
242.6530612244898 258.1632653061224 3
234.89795918367346 258.1632653061224 3
227.14285714285714 258.1632653061224 3
219.3877551020408 258.1632653061224 3
211.6326530612245 258.1632653061224 3
203.87755102040816 258.1632653061224 3
196.12244897959184 258.1632653061224 3
188.3673469387755 258.1632653061224 3
180.6122448979592 258.1632653061224 3
172.85714285714286 258.1632653061224 3
165.10204081632654 258.1632653061224 3
157.3469387755102 258.1632653061224 3
149.59183673469389 258.1632653061224 3
141.83673469387756 258.1632653061224 3
134.0816326530612 258.1632653061224 3
134.0816326530612 265.9183673469388 3
134.0816326530612 273.6734693877551 3
134.0816326530612 281.42857142857144 3
141.83673469387756 281.42857142857144 3
149.59183673469389 281.42857142857144 3
157.3469387755102 281.42857142857144 3
165.10204081632654 281.42857142857144 3
172.85714285714286 281.42857142857144 3
180.6122448979592 281.42857142857144 3
188.3673469387755 281.42857142857144 3
196.12244897959184 281.42857142857144 3
203.87755102040816 281.42857142857144 3
211.6326530612245 281.42857142857144 3
219.3877551020408 281.42857142857144 3
227.14285714285714 281.42857142857144 3
227.14285714285714 289.18367346938777 3
227.14285714285714 296.9387755102041 3
234.89795918367346 296.9387755102041 3
242.6530612244898 296.9387755102041 3
242.6530612244898 304.6938775510204 3
242.6530612244898 312.44897959183675 3
250.40816326530611 312.44897959183675 3
258.1632653061224 312.44897959183675 3
265.9183673469388 312.44897959183675 3
273.6734693877551 312.44897959183675 3
273.6734693877551 320.2040816326531 3
265.9183673469388 320.2040816326531 3
258.1632653061224 320.2040816326531 3
250.40816326530611 320.2040816326531 3
242.6530612244898 320.2040816326531 3
234.89795918367346 320.2040816326531 3
234.89795918367346 312.44897959183675 3
234.89795918367346 304.6938775510204 3
227.14285714285714 304.6938775510204 3
219.3877551020408 304.6938775510204 3
219.3877551020408 296.9387755102041 3
219.3877551020408 289.18367346938777 3
211.6326530612245 289.18367346938777 3
203.87755102040816 289.18367346938777 3
196.12244897959184 289.18367346938777 3
188.3673469387755 289.18367346938777 3
180.6122448979592 289.18367346938777 3
172.85714285714286 289.18367346938777 3
165.10204081632654 289.18367346938777 3
157.3469387755102 289.18367346938777 3
149.59183673469389 289.18367346938777 3
141.83673469387756 289.18367346938777 3
134.0816326530612 289.18367346938777 3
134.0816326530612 296.9387755102041 3
134.0816326530612 304.6938775510204 3
134.0816326530612 312.44897959183675 3
141.83673469387756 312.44897959183675 3
149.59183673469389 312.44897959183675 3
157.3469387755102 312.44897959183675 3
165.10204081632654 312.44897959183675 3
172.85714285714286 312.44897959183675 3
180.6122448979592 312.44897959183675 3
188.3673469387755 312.44897959183675 3
196.12244897959184 312.44897959183675 3
196.12244897959184 320.2040816326531 3
196.12244897959184 327.9591836734694 3
203.87755102040816 327.9591836734694 3
211.6326530612245 327.9591836734694 3
211.6326530612245 335.7142857142857 3
203.87755102040816 335.7142857142857 3
196.12244897959184 335.7142857142857 3
188.3673469387755 335.7142857142857 3
188.3673469387755 327.9591836734694 3
188.3673469387755 320.2040816326531 3
180.6122448979592 320.2040816326531 3
172.85714285714286 320.2040816326531 3
165.10204081632654 320.2040816326531 3
157.3469387755102 320.2040816326531 3
149.59183673469389 320.2040816326531 3
149.59183673469389 327.9591836734694 3
149.59183673469389 335.7142857142857 3
149.59183673469389 343.46938775510205 3
157.3469387755102 343.46938775510205 3
165.10204081632654 343.46938775510205 3
165.10204081632654 351.2244897959184 3
157.3469387755102 351.2244897959184 3
149.59183673469389 351.2244897959184 3
141.83673469387756 351.2244897959184 3
141.83673469387756 343.46938775510205 3
141.83673469387756 335.7142857142857 3
141.83673469387756 327.9591836734694 3
141.83673469387756 320.2040816326531 3
134.0816326530612 320.2040816326531 3
126.3265306122449 320.2040816326531 3
126.3265306122449 312.44897959183675 3
126.3265306122449 304.6938775510204 3
126.3265306122449 296.9387755102041 3
126.3265306122449 289.18367346938777 3
126.3265306122449 281.42857142857144 3
126.3265306122449 273.6734693877551 3
126.3265306122449 265.9183673469388 3
126.3265306122449 258.1632653061224 3
126.3265306122449 250.40816326530611 3
126.3265306122449 242.6530612244898 3
126.3265306122449 234.89795918367346 3
126.3265306122449 227.14285714285714 3
118.57142857142857 227.14285714285714 3
110.81632653061224 227.14285714285714 3
110.81632653061224 219.3877551020408 3
110.81632653061224 211.6326530612245 3
110.81632653061224 203.87755102040816 3
110.81632653061224 196.12244897959184 3
110.81632653061224 188.3673469387755 3
110.81632653061224 196.12244897959184 3
103.06122448979592 196.12244897959184 3
103.06122448979592 203.87755102040816 3
95.3061224489796 203.87755102040816 3
95.3061224489796 203.87755102040816 3
95.3061224489796 211.6326530612245 3
103.06122448979592 211.6326530612245 3
103.06122448979592 219.3877551020408 3
103.06122448979592 227.14285714285714 3
103.06122448979592 234.89795918367346 3
103.06122448979592 242.6530612244898 3
103.06122448979592 234.89795918367346 3
110.81632653061224 234.89795918367346 3
118.57142857142857 234.89795918367346 3
118.57142857142857 242.6530612244898 3
110.81632653061224 242.6530612244898 3
110.81632653061224 250.40816326530611 3
118.57142857142857 250.40816326530611 3
118.57142857142857 258.1632653061224 3
110.81632653061224 258.1632653061224 3
110.81632653061224 265.9183673469388 3
118.57142857142857 265.9183673469388 3
118.57142857142857 273.6734693877551 3
110.81632653061224 273.6734693877551 3
110.81632653061224 281.42857142857144 3
118.57142857142857 281.42857142857144 3
118.57142857142857 289.18367346938777 3
118.57142857142857 296.9387755102041 3
118.57142857142857 304.6938775510204 3
118.57142857142857 312.44897959183675 3
118.57142857142857 320.2040816326531 3
118.57142857142857 327.9591836734694 3
126.3265306122449 327.9591836734694 3
134.0816326530612 327.9591836734694 3
134.0816326530612 335.7142857142857 3
126.3265306122449 335.7142857142857 3
126.3265306122449 343.46938775510205 3
134.0816326530612 343.46938775510205 3
134.0816326530612 351.2244897959184 3
126.3265306122449 351.2244897959184 3
126.3265306122449 358.9795918367347 3
126.3265306122449 366.734693877551 3
126.3265306122449 374.48979591836735 3
126.3265306122449 366.734693877551 3
126.3265306122449 358.9795918367347 3
134.0816326530612 358.9795918367347 3
134.0816326530612 366.734693877551 3
134.0816326530612 374.48979591836735 3
134.0816326530612 366.734693877551 3
141.83673469387756 366.734693877551 3
141.83673469387756 358.9795918367347 3
149.59183673469389 358.9795918367347 3
149.59183673469389 366.734693877551 3
157.3469387755102 366.734693877551 3
157.3469387755102 358.9795918367347 3
165.10204081632654 358.9795918367347 3
172.85714285714286 358.9795918367347 3
172.85714285714286 351.2244897959184 3
172.85714285714286 343.46938775510205 3
172.85714285714286 335.7142857142857 3
165.10204081632654 335.7142857142857 3
157.3469387755102 335.7142857142857 3
157.3469387755102 327.9591836734694 3
165.10204081632654 327.9591836734694 3
172.85714285714286 327.9591836734694 3
180.6122448979592 327.9591836734694 3
180.6122448979592 335.7142857142857 3
180.6122448979592 343.46938775510205 3
180.6122448979592 351.2244897959184 3
188.3673469387755 351.2244897959184 3
188.3673469387755 343.46938775510205 3
196.12244897959184 343.46938775510205 3
196.12244897959184 351.2244897959184 3
196.12244897959184 343.46938775510205 3
203.87755102040816 343.46938775510205 3
211.6326530612245 343.46938775510205 3
219.3877551020408 343.46938775510205 3
219.3877551020408 335.7142857142857 3
219.3877551020408 327.9591836734694 3
219.3877551020408 320.2040816326531 3
211.6326530612245 320.2040816326531 3
203.87755102040816 320.2040816326531 3
203.87755102040816 312.44897959183675 3
203.87755102040816 304.6938775510204 3
196.12244897959184 304.6938775510204 3
188.3673469387755 304.6938775510204 3
180.6122448979592 304.6938775510204 3
172.85714285714286 304.6938775510204 3
165.10204081632654 304.6938775510204 3
157.3469387755102 304.6938775510204 3
149.59183673469389 304.6938775510204 3
141.83673469387756 304.6938775510204 3
141.83673469387756 296.9387755102041 3
149.59183673469389 296.9387755102041 3
157.3469387755102 296.9387755102041 3
165.10204081632654 296.9387755102041 3
172.85714285714286 296.9387755102041 3
180.6122448979592 296.9387755102041 3
188.3673469387755 296.9387755102041 3
196.12244897959184 296.9387755102041 3
203.87755102040816 296.9387755102041 3
211.6326530612245 296.9387755102041 3
211.6326530612245 304.6938775510204 3
211.6326530612245 312.44897959183675 3
219.3877551020408 312.44897959183675 3
227.14285714285714 312.44897959183675 3
227.14285714285714 320.2040816326531 3
227.14285714285714 327.9591836734694 3
227.14285714285714 335.7142857142857 3
234.89795918367346 335.7142857142857 3
234.89795918367346 327.9591836734694 3
242.6530612244898 327.9591836734694 3
242.6530612244898 335.7142857142857 3
250.40816326530611 335.7142857142857 3
250.40816326530611 327.9591836734694 3
258.1632653061224 327.9591836734694 3
265.9183673469388 327.9591836734694 3
273.6734693877551 327.9591836734694 3
281.42857142857144 327.9591836734694 3
289.18367346938777 327.9591836734694 3
289.18367346938777 320.2040816326531 3
281.42857142857144 320.2040816326531 3
281.42857142857144 312.44897959183675 3
281.42857142857144 304.6938775510204 3
273.6734693877551 304.6938775510204 3
265.9183673469388 304.6938775510204 3
258.1632653061224 304.6938775510204 3
250.40816326530611 304.6938775510204 3
250.40816326530611 296.9387755102041 3
250.40816326530611 289.18367346938777 3
242.6530612244898 289.18367346938777 3
234.89795918367346 289.18367346938777 3
234.89795918367346 281.42857142857144 3
234.89795918367346 273.6734693877551 3
227.14285714285714 273.6734693877551 3
219.3877551020408 273.6734693877551 3
211.6326530612245 273.6734693877551 3
203.87755102040816 273.6734693877551 3
196.12244897959184 273.6734693877551 3
188.3673469387755 273.6734693877551 3
180.6122448979592 273.6734693877551 3
172.85714285714286 273.6734693877551 3
165.10204081632654 273.6734693877551 3
157.3469387755102 273.6734693877551 3
149.59183673469389 273.6734693877551 3
141.83673469387756 273.6734693877551 3
141.83673469387756 265.9183673469388 3
149.59183673469389 265.9183673469388 3
157.3469387755102 265.9183673469388 3
165.10204081632654 265.9183673469388 3
172.85714285714286 265.9183673469388 3
180.6122448979592 265.9183673469388 3
188.3673469387755 265.9183673469388 3
196.12244897959184 265.9183673469388 3
203.87755102040816 265.9183673469388 3
211.6326530612245 265.9183673469388 3
219.3877551020408 265.9183673469388 3
227.14285714285714 265.9183673469388 3
234.89795918367346 265.9183673469388 3
242.6530612244898 265.9183673469388 3
242.6530612244898 273.6734693877551 3
242.6530612244898 281.42857142857144 3
250.40816326530611 281.42857142857144 3
258.1632653061224 281.42857142857144 3
258.1632653061224 289.18367346938777 3
258.1632653061224 296.9387755102041 3
265.9183673469388 296.9387755102041 3
273.6734693877551 296.9387755102041 3
281.42857142857144 296.9387755102041 3
289.18367346938777 296.9387755102041 3
289.18367346938777 304.6938775510204 3
289.18367346938777 312.44897959183675 3
296.9387755102041 312.44897959183675 3
296.9387755102041 320.2040816326531 3
296.9387755102041 312.44897959183675 3
304.6938775510204 312.44897959183675 3
304.6938775510204 304.6938775510204 3
296.9387755102041 304.6938775510204 3
296.9387755102041 296.9387755102041 3
296.9387755102041 289.18367346938777 3
289.18367346938777 289.18367346938777 3
281.42857142857144 289.18367346938777 3
273.6734693877551 289.18367346938777 3
265.9183673469388 289.18367346938777 3
265.9183673469388 281.42857142857144 3
273.6734693877551 281.42857142857144 3
281.42857142857144 281.42857142857144 3
289.18367346938777 281.42857142857144 3
296.9387755102041 281.42857142857144 3
296.9387755102041 273.6734693877551 3
289.18367346938777 273.6734693877551 3
281.42857142857144 273.6734693877551 3
281.42857142857144 265.9183673469388 3
289.18367346938777 265.9183673469388 3
296.9387755102041 265.9183673469388 3
304.6938775510204 265.9183673469388 3
312.44897959183675 265.9183673469388 3
320.2040816326531 265.9183673469388 3
320.2040816326531 273.6734693877551 3
312.44897959183675 273.6734693877551 3
304.6938775510204 273.6734693877551 3
304.6938775510204 281.42857142857144 3
304.6938775510204 289.18367346938777 3
304.6938775510204 296.9387755102041 3
312.44897959183675 296.9387755102041 3
312.44897959183675 304.6938775510204 3
312.44897959183675 296.9387755102041 3
312.44897959183675 289.18367346938777 3
312.44897959183675 281.42857142857144 3
320.2040816326531 281.42857142857144 3
320.2040816326531 289.18367346938777 3
320.2040816326531 281.42857142857144 3
327.9591836734694 281.42857142857144 3
327.9591836734694 273.6734693877551 3
327.9591836734694 265.9183673469388 3
335.7142857142857 265.9183673469388 3
335.7142857142857 273.6734693877551 3
335.7142857142857 265.9183673469388 3
335.7142857142857 258.1632653061224 3
327.9591836734694 258.1632653061224 3
320.2040816326531 258.1632653061224 3
312.44897959183675 258.1632653061224 3
304.6938775510204 258.1632653061224 3
296.9387755102041 258.1632653061224 3
289.18367346938777 258.1632653061224 3
281.42857142857144 258.1632653061224 3
273.6734693877551 258.1632653061224 3
265.9183673469388 258.1632653061224 3
265.9183673469388 250.40816326530611 3
273.6734693877551 250.40816326530611 3
281.42857142857144 250.40816326530611 3
289.18367346938777 250.40816326530611 3
296.9387755102041 250.40816326530611 3
304.6938775510204 250.40816326530611 3
312.44897959183675 250.40816326530611 3
320.2040816326531 250.40816326530611 3
327.9591836734694 250.40816326530611 3
335.7142857142857 250.40816326530611 3
343.46938775510205 250.40816326530611 3
343.46938775510205 258.1632653061224 3
343.46938775510205 250.40816326530611 3
343.46938775510205 242.6530612244898 3
343.46938775510205 234.89795918367346 3
351.2244897959184 234.89795918367346 3
351.2244897959184 242.6530612244898 3
351.2244897959184 234.89795918367346 3
358.9795918367347 234.89795918367346 3
358.9795918367347 227.14285714285714 3
358.9795918367347 219.3877551020408 3
366.734693877551 219.3877551020408 3
366.734693877551 227.14285714285714 3
366.734693877551 219.3877551020408 3
366.734693877551 211.6326530612245 3
374.48979591836735 211.6326530612245 3
366.734693877551 211.6326530612245 3
358.9795918367347 211.6326530612245 3
358.9795918367347 203.87755102040816 3
366.734693877551 203.87755102040816 3
374.48979591836735 203.87755102040816 3
382.2448979591837 203.87755102040816 3
374.48979591836735 203.87755102040816 3
366.734693877551 203.87755102040816 3
358.9795918367347 203.87755102040816 3
351.2244897959184 203.87755102040816 3
351.2244897959184 211.6326530612245 3
343.46938775510205 211.6326530612245 3
343.46938775510205 203.87755102040816 3
335.7142857142857 203.87755102040816 3
335.7142857142857 211.6326530612245 3
327.9591836734694 211.6326530612245 3
327.9591836734694 203.87755102040816 3
320.2040816326531 203.87755102040816 3
320.2040816326531 211.6326530612245 3
320.2040816326531 219.3877551020408 3
320.2040816326531 227.14285714285714 3
312.44897959183675 227.14285714285714 3
312.44897959183675 219.3877551020408 3
312.44897959183675 211.6326530612245 3
312.44897959183675 203.87755102040816 3
304.6938775510204 203.87755102040816 3
304.6938775510204 211.6326530612245 3
296.9387755102041 211.6326530612245 3
289.18367346938777 211.6326530612245 3
289.18367346938777 219.3877551020408 3
289.18367346938777 227.14285714285714 3
281.42857142857144 227.14285714285714 3
281.42857142857144 219.3877551020408 3
281.42857142857144 211.6326530612245 3
281.42857142857144 203.87755102040816 3
289.18367346938777 203.87755102040816 3
296.9387755102041 203.87755102040816 3
296.9387755102041 196.12244897959184 3
304.6938775510204 196.12244897959184 3
296.9387755102041 196.12244897959184 3
289.18367346938777 196.12244897959184 3
281.42857142857144 196.12244897959184 3
273.6734693877551 196.12244897959184 3
273.6734693877551 203.87755102040816 3
273.6734693877551 211.6326530612245 3
273.6734693877551 219.3877551020408 3
273.6734693877551 227.14285714285714 3
273.6734693877551 234.89795918367346 3
281.42857142857144 234.89795918367346 3
289.18367346938777 234.89795918367346 3
296.9387755102041 234.89795918367346 3
296.9387755102041 227.14285714285714 3
296.9387755102041 219.3877551020408 3
304.6938775510204 219.3877551020408 3
304.6938775510204 227.14285714285714 3
304.6938775510204 234.89795918367346 3
312.44897959183675 234.89795918367346 3
320.2040816326531 234.89795918367346 3
327.9591836734694 234.89795918367346 3
327.9591836734694 227.14285714285714 3
327.9591836734694 219.3877551020408 3
335.7142857142857 219.3877551020408 3
343.46938775510205 219.3877551020408 3
351.2244897959184 219.3877551020408 3
351.2244897959184 227.14285714285714 3
343.46938775510205 227.14285714285714 3
335.7142857142857 227.14285714285714 3
335.7142857142857 234.89795918367346 3
335.7142857142857 242.6530612244898 3
327.9591836734694 242.6530612244898 3
320.2040816326531 242.6530612244898 3
312.44897959183675 242.6530612244898 3
304.6938775510204 242.6530612244898 3
296.9387755102041 242.6530612244898 3
289.18367346938777 242.6530612244898 3
281.42857142857144 242.6530612244898 3
273.6734693877551 242.6530612244898 3
265.9183673469388 242.6530612244898 3
258.1632653061224 242.6530612244898 3
250.40816326530611 242.6530612244898 3
242.6530612244898 242.6530612244898 3
234.89795918367346 242.6530612244898 3
227.14285714285714 242.6530612244898 3
219.3877551020408 242.6530612244898 3
211.6326530612245 242.6530612244898 3
203.87755102040816 242.6530612244898 3
196.12244897959184 242.6530612244898 3
188.3673469387755 242.6530612244898 3
180.6122448979592 242.6530612244898 3
172.85714285714286 242.6530612244898 3
165.10204081632654 242.6530612244898 3
157.3469387755102 242.6530612244898 3
149.59183673469389 242.6530612244898 3
141.83673469387756 242.6530612244898 3
141.83673469387756 234.89795918367346 3
141.83673469387756 227.14285714285714 3
141.83673469387756 219.3877551020408 3
141.83673469387756 211.6326530612245 3
134.0816326530612 211.6326530612245 3
126.3265306122449 211.6326530612245 3
