101.08962204524353 200.9512212927992 0
282.04392403134995 10.929008346781082 1
35.9257541388727 108.31864185474693 0
294.2699663883012 365.7181479671871 1
317.56189828065584 34.59501935145835 0
31.836499299019223 11.413934989808446 0
226.7851857125446 168.30469785968512 0
282.2095701800042 235.47934074211025 0
357.3959216773373 302.9203201515926 0
159.81957390600155 386.63683614343114 0
75.58252384134866 94.98178233261234 0
93.62472474199953 79.33293721656244 0
84.34705359756155 92.68511180808973 0
60.007706932026665 92.31733894618384 0
140.1707738386312 97.76694479053091 0
138.06935041242508 141.32724571117842 1
144.67436038446812 72.02918331371698 0
108.36340101432373 139.61249761438324 0
144.551631603222 86.20517195470688 0
124.55074788257856 89.91471524727555 0
125.74758663667258 140.50475849651133 0
63.52703164068748 125.9457988867472 0
141.5795454838584 109.49760305424121 0
79.92035612884206 111.91454011281581 0
144.50191281179738 71.82057443188422 1
130.98630595097674 130.43370836396792 0
120.7968453136607 64.08629168841145 0
80.20824773396235 60.562612124249355 0
140.7373190811833 112.89343425124386 0
70.20124978243079 128.99714542376233 0
309.87345746122037 279.1504829877735 0
330.1147138475648 289.22587085999027 0
318.55647509667097 263.2051250823926 0
343.8773649003273 281.86255219123785 0
282.03697759532093 267.102663112131 0
318.37256229763943 342.6998418647489 0
284.86877481319794 342.52540560781176 0
266.9893968816581 258.55889382760785 0
266.1410568130305 283.86699119878017 0
304.05793390384565 259.13832727863337 0
313.5014526220253 321.1051653828109 0
300.8433698453879 271.25879235926726 1
342.01919625660383 303.71397719120785 0
265.5790217068466 288.18943959884655 0
311.64880209463627 300.158187516492 0
326.7287368268346 331.57750520870354 0
306.6613370588401 295.96923314559297 0
277.55513637509983 314.9340528224135 0
313.98575255814757 279.1604489311372 0
264.49617226580307 300.963171177661 0
