310.62891515058266 348.78745725673195 0
311.51691980419093 344.6424539868033 0
314.34662216023406 335.3613271935028 0
295.9603954186955 378.9346000483833 0
328.4642442289145 279.6765920161676 0
319.72318068194704 315.1945355371048 1
307.56490166563424 341.9238812840329 0
212.51901946863364 349.95365475724674 0
281.95395511121507 374.79239991427323 0
334.95513317117695 249.88757122571786 0
378.87514621201717 353.7001052921808 0
294.1749034049856 306.5847861470946 0
287.1257078179352 280.3814150154053 0
344.59253262753157 159.830123162003 1
370.4671033129298 258.9214130961829 0
277.99265575750906 384.8476981339021 0
236.83061375960187 363.1658635464723 0
299.1760519097043 85.19055073590872 0
265.15808681757875 302.42234580982176 1
309.87458840334017 345.99631870426964 0
308.3950821304466 340.3793082080413 0
315.4972923791889 344.7613938440636 0
56.72021893031982 233.49298037087186 0
305.43733254988035 349.67665240009643 0
309.5554166705861 330.82835298429166 0
293.51399581413085 360.4096879628531 0
263.63887094327606 13.662349323134606 0
261.21629523149625 388.2096114177871 0
270.3259006049438 363.76125125519957 0
298.0248425003797 338.41995976357936 0
300.3174183449342 298.2056429303077 0
298.1497084337511 335.1026550519464 0
309.61525081785413 173.7975213905665 0
371.7598315961204 380.29729777812116 0
311.50480218706633 339.7067444740429 0
305.5410452404143 324.46332871441655 0
273.36432372619544 300.7891858149193 0
283.1894953309003 313.44856350092726 0
252.24526094569384 200.00217631406062 0
297.19513349821574 351.2240825404554 0
290.3566522394496 311.34531867684086 0
310.15791765368294 348.21770089445766 0
343.0543659337988 353.2714584770015 0
313.7831127959728 282.4847951546489 0
294.038091612304 327.78182949188573 0
294.54163129264793 308.65615066062185 0
219.78301265428962 205.59028643493653 0
305.3753222754544 338.39518349489094 0
237.7097438074057 364.8748626747778 0
182.63629712904498 174.9687887117519 0
243.26308024064852 48.79306095986385 0
271.5929651573251 358.70416455614543 1
284.82331893186955 97.15027378027256 0
171.36476194808318 314.6110399784926 0
303.6307550767161 340.9434209150541 0
304.85886292160296 337.3270337483673 0
317.3977168835901 372.8174095345577 0
312.1520853214924 347.9440904135643 0
308.9957454941227 340.19379984215067 0
317.1199453578955 326.1968780607199 0
308.66325089497565 352.56383213757675 0
204.95498351205237 218.7042844637915 0
109.55810397665198 337.02038121204697 0
291.56050624137754 343.55501491707264 0
300.27777640850366 343.82705679627134 0
315.35536215229087 314.4784695305682 0
349.63323747505115 312.59824565849095 0
330.0443137166116 280.9222825968265 0
306.5794732308534 340.1188968457472 1
302.8532463074827 349.1027795186316 0
321.7641054863215 339.3108500145894 0
303.65907730304997 337.98283612800924 0
283.78530344855443 349.60968296877485 0
299.5511666222153 366.4225775923484 0
282.89791606461625 361.1499916660997 0
311.1640248470923 323.04192710943283 0
329.7049173681772 322.42841631090164 0
299.7369915361019 362.591949811023 0
276.5666631336837 358.21816823609083 0
229.1333500911539 324.801534921507 0
316.2152750898643 336.3670471535285 1
303.78362649769207 365.8751940373373 0
227.44648169089635 344.9924313549046 0
292.4762705257853 339.75894377958775 0
309.0513963000725 336.50824798807895 0
315.928381640718 333.90229268588547 0
350.5798656002102 331.14246274215594 0
307.6475276881853 340.99076870232176 0
306.74766627119396 337.5110022463077 0
335.9824568056591 319.33654854536616 0
305.85753766416735 339.59650475391095 0
307.1684061208098 343.53111564246444 0
354.6408131915736 355.8587421141368 0
290.17369183119115 346.9313849421361 0
298.27769125852234 335.9238121128198 0
267.9363108905461 383.4935540935436 1
309.5359457530309 338.9951235529603 0
311.32379996978 361.3275763373911 0
310.1807612233191 338.7822414563484 0
311.13073428290073 347.86074671155706 0
331.65404764711417 325.0714582259265 0
302.46293010246586 343.6647195953273 0
299.59640951907835 372.2846447059258 0
266.23008080177976 367.12490018723554 0
295.6491858867748 323.1525499630003 0
289.4581137192278 338.5775430947618 0
306.37244214686 348.25346871807017 0
306.53326138218995 331.35133015973634 0
306.7764650278394 337.5703736809332 0
377.8443208294444 340.17679373857254 1
175.26631419437535 378.14555572752 0
314.5285400470364 325.55008710610986 1
308.1876497621501 340.8744570149529 0
260.92522021770793 192.0451136204803 0
301.3045119281658 345.8511273340327 0
310.2471996364455 346.7070260105847 1
292.4381693043531 338.2041657935734 0
356.00744463011716 369.08765561541594 0
309.5801497864635 342.10257220487216 0
362.078735119981 382.0064113874315 0
350.64710208182703 351.5110509720762 0
311.75484795375786 341.2226396264091 0
336.77442135651444 313.21092574058315 0
211.2374247525842 351.69692590465434 0
274.04721764789326 330.217663836751 0
300.2918740425194 344.2097185407211 0
263.37377558830957 346.84932481404803 0
300.0358019112017 336.43030043188077 0
284.46996930072885 347.89171088981686 0
339.41369867034956 320.10890993944156 0
129.95128350295292 270.2212535136847 0
315.46821766230414 184.90764219616614 1
313.49170235786175 337.61038389104067 0
304.30188973492017 343.7416267140848 0
253.9678554253501 262.7511283283201 1
136.61436035734914 218.89925255474108 0
274.3824536869827 315.12258373189667 0
247.56737404916294 344.5305859244278 0
308.5404184402313 340.0455946008226 0
219.4994848378941 369.1520513433147 1
307.84030531304495 340.5371664616724 0
311.4795440700828 292.51954832228955 0
160.27173825294432 1.968711901811048 0
309.2290410208865 340.8356384726921 0
373.91389919111157 209.07253125521694 0
312.04440033783624 346.0672175964734 0
320.2635524222875 350.07280565137745 0
127.22040822780363 249.3295376387081 0
290.879513587467 356.64830419198125 0
345.4626040765798 298.88053995047034 0
332.39652342919226 292.2171403719457 0
323.17514794257005 345.4830968908748 0
304.9114101893427 337.8262701051395 0
293.99215652034576 379.04316130449 1
356.3420253036327 353.18400160906594 0
283.48784095690144 351.62098840646735 0
318.44225786005353 325.3008655029921 0
309.88527864707214 339.6691724711542 0
306.59826783369385 305.52399958255387 0
307.34140045992797 339.6898046122829 0
321.559593413126 372.78839372405656 0
375.434740852835 279.3852678703138 0
306.7769624184479 340.93718610150466 0
322.2185569999625 366.28677154242513 0
325.0923845470904 360.2508011234605 0
337.2922618514625 351.85328031620253 0
310.42798165968816 331.07004588902055 0
304.2562045482342 340.4869693075851 0
304.8310914300708 341.1498469573986 0
316.7346901261274 347.52325272143383 0
305.96901462952434 334.24674174993856 0
301.1846514182006 337.9490750365452 0
314.96966939418525 307.0232272797188 1
311.9848450295251 349.4085477336726 1
307.5284046405156 342.3720856297845 0
289.84496129974326 334.7907506952874 0
304.32295697863674 341.32274080763676 0
307.26722738374286 340.9362050808564 0
313.93263420901735 349.8712062716868 0
321.217288579106 342.90872771137686 0
322.14220761212374 315.42820517296883 0
273.49526022853894 324.89685311236735 0
342.8941192946211 335.685476458762 0
321.91582926644804 331.45334289031 0
344.38083694414956 254.95933832161518 0
308.32898254706095 340.4868188589391 0
315.5206255852561 278.8096813970221 0
293.98026316800576 363.4517211159025 0
43.309863798572735 267.9452377321465 0
301.74724854197837 339.41104264434364 1
324.71720864660927 312.25852910308566 0
217.6450569522646 355.0966444752397 0
307.07813525930067 338.4416428394806 0
339.8227332543174 322.40520143043875 0
304.2319754023858 355.0754688391136 1
275.94946270489373 339.21172195497786 0
388.34584057998916 380.8086883964063 0
328.2166645705049 322.5876238032308 0
308.42268778138134 340.9772257867486 0
302.2569271911161 372.69140000810876 0
323.29205327137413 163.88768457656988 0
355.24095117327136 327.50849145817625 0
294.06923313683274 310.6082517027646 0
283.37507193496714 374.8333819965459 0
306.41291067417427 345.3459270472925 0
306.443526801148 338.2916042207744 0
317.06096398056206 330.4487629929873 0
294.57128094619924 389.0469514796514 0
345.6449102442763 202.75996004464983 0
319.16313965965713 334.8901237702089 0
315.44680906476816 343.78397893058263 1
325.66914958527775 345.6931179024398 0
308.50191416613586 339.680090241535 0
339.5679188256946 217.20536120994456 0
301.26598054516654 320.50740019340407 0
6.887518819227012 224.51647180440006 0
311.45340067997034 319.49093521740343 0
303.97950532427944 330.5698197170407 0
362.34850067357667 206.64378877445026 0
337.5960461362559 354.2803171191223 0
298.1473394234578 333.02601655691285 0
322.33601171654624 330.6517362747118 0
309.26275303515825 334.3526929799993 0
322.9269470150594 12.973049836797315 1
227.01750578388936 258.42251224679563 0
248.5626120371293 382.4530481116415 0
305.70654331373504 337.61681746794187 0
303.9786984490106 334.36841720408427 1
310.5084630430662 306.74919585187126 0
190.88422513878209 321.1625893938003 0
303.02432514498287 338.6722428430168 1
347.95158262341954 349.7217258324834 0
316.2253897817019 381.43283694445785 0
308.73679028404837 335.6467889722207 0
285.7301274305254 313.1872458498725 0
328.1807812343181 296.65153402441 0
329.0217332447256 267.92475449269955 0
305.071311853593 353.2492087012966 0
