150.95409850067605 157.1603506697539 1
139.02377888880005 137.53157804230486 0
288.42750679342737 121.13725417106814 0
174.73689735358158 5.481295902518362 0
303.89244830956704 140.85489149272752 0
144.53555932890612 132.82880828618494 0
246.6788760282512 313.75013094347634 0
375.3298790585531 169.31041686226473 1
185.87129782590677 297.16048675931734 0
34.03316729848246 238.62814610080642 0
248.77849712191264 225.35063055935035 0
51.159092991081025 56.86658990955899 0
365.83583689738487 389.4395243174204 0
175.04410107012092 22.53700410491944 0
108.79883212878484 323.9668371457352 0
63.15236811430161 162.98770374888207 0
121.0455080520262 75.6199786463437 0
64.7672733600213 16.591918136404413 0
257.63166085323616 75.97649103979136 0
174.03305860538538 240.54368172447727 0
29.4656428831302 183.20729705393788 1
151.7161823137643 263.5469040975416 0
247.28024846222917 156.94046611983907 0
314.13768650525907 303.35000362979616 0
37.11130024109943 264.6525658849582 0
214.5852092596368 386.5878457211749 0
279.7800243950569 225.60075258520502 0
114.8615805352733 121.1563577180859 0
234.30592059468404 104.15804925053493 0
331.7427527944312 352.0998842100869 0
316.07635564131743 182.83188125114847 0
342.9340746203085 131.164832346942 0
194.01205633870117 357.57896791869416 0
266.8167078263982 345.9537222236625 1
228.1550759974926 50.69849471290178 0
56.285604886140675 285.1510900184905 0
305.20721758475077 364.1980831182669 0
145.76462392762892 73.68383783891512 0
290.58253157113785 382.09745371931973 0
222.23474571001967 258.4253481828763 0
322.36768626866717 91.90379337694151 0
320.9835378888127 177.44908910200633 0
366.71510450775753 347.4671935805971 0
310.2795328411207 314.09530043054406 0
139.10725348038113 44.98093243677486 0
100.71680155221122 102.3279871359225 1
351.08457950812607 6.627611894522025 0
43.041858539675076 25.457101995132334 0
58.18875794948871 121.3932400641012 0
62.924153347042036 51.997960213973556 0
