328.87935779230764 229.34873480376478 1
305.8136323192674 303.41253928097933 2
160.20263386799678 338.72797929896336 2
221.69560410740667 147.44055424659373 2
112.83927032370248 345.40885195557587 0
130.2234500676032 45.301990555321154 1
240.5533021231816 313.6323781933668 1
141.5762390866245 340.7990765469035 1
225.95583064703106 192.8249278920661 2
58.920446264717526 108.42014239224389 0
75.41516018926232 152.65349786477444 0
287.57380393138436 267.2633697413492 1
194.74463957572647 336.1389178786169 1
78.86100565102848 321.7536632313859 0
108.61684918361469 266.8952319833951 2
135.90108703730715 336.1531232112219 1
334.1986754211558 125.32637117376177 0
381.34306084327807 48.353410747528244 2
74.22016635798256 155.5287188003167 1
238.55715329593644 118.80911624386985 0
170.30621795518329 292.1431462183259 1
64.98428162688705 15.793326294564311 0
222.4202326242423 371.8092551298726 1
79.92373058457999 226.51112213742596 1
268.6681603220177 347.49483463037296 0
387.84657628274323 239.6455160068212 1
315.8440948318004 318.91057930235405 2
157.08475823965523 328.2668875773371 0
342.05327456051197 327.0337234200199 2
280.11632006390823 84.47211209612945 1
100.67550980910305 13.338427954660244 1
129.5064491541964 216.44227187901006 2
359.28960301834474 218.61714810283394 2
379.08020114574896 340.1726006700477 0
136.12834210785832 231.54937468369607 0
87.36268934415592 373.2672672032121 1
15.493452500018774 5.770044909593702 2
210.5021150451176 371.124460735043 2
157.88628743641613 344.15616247321054 2
219.9890043957355 172.4846515088379 2
195.68757409361737 130.91206563693112 1
178.49765417465647 254.39555993764165 0
39.66426008198374 244.5546717822456 1
315.8586096327591 201.58950047043322 1
65.95944378340347 202.25239955539962 0
20.139626815875776 312.1387819620139 0
304.1914569638494 88.74420531579536 0
275.30323133694145 121.43861893309949 2
338.0796725420809 180.0697496225476 2
320.77655657789956 142.07370737063542 1
75.21968043191393 312.5369581980796 0
119.59000329484269 365.0460418900188 1
359.45518599769787 124.72900314376682 2
317.26624387087304 180.6184868691663 0
333.25279256317134 243.20563680662167 2
91.22593980641807 75.92107306054321 2
351.0995114073847 151.19417929691215 0
138.12518553421464 258.24065142509323 2
316.4809105642461 382.5589314671863 2
353.8501181764055 127.65621805630589 0
289.2642306662081 385.7395761028833 1
129.81848096797688 87.64697512176528 1
212.55482725101646 323.7458969569715 0
320.88302262667656 245.33785800042426 1
134.3509253378433 348.66959749502354 2
10.265580674244426 69.08588452185728 1
153.44556230148604 90.79780693486757 0
357.3833604266033 159.7352284521931 1
148.6322645622124 248.95385470838005 0
300.7114373655003 327.78223654066824 1
314.3237850676199 73.49125863368774 1
277.2456316949788 315.40133653930116 1
270.3848204452411 147.1031884614318 0
213.31203360465582 308.5721314750739 2
324.14910598151255 353.38722523538473 0
124.9200217842502 260.38822424346256 0
31.572190494871364 341.4027576811324 1
163.44322533232858 258.38942928532856 1
184.03541593951704 113.41934810433511 2
69.71773339244743 250.89717551220846 1
377.12028585276835 173.76532643504282 0
389.95668152577065 280.89646867338826 2
73.95853760951826 112.09763364662112 1
248.60141996619538 148.89861933718018 2
80.29528997072015 365.8851575753711 1
151.80083640370754 22.097203122297717 2
286.46464270331694 103.64202020951967 0
37.46433871142341 144.95616515477192 1
26.01095545723732 126.96007435419021 2
127.67076434290507 187.1970957465977 0
49.067786109950966 12.18890900671891 1
38.55532367718766 200.6907716794653 1
150.19412890593264 5.059180105436175 2
332.950839001453 85.34168488339893 2
138.57776552048153 41.60054888252638 1
201.1206351328542 259.6933833199341 1
199.500498919645 307.5890929619563 1
264.6307294003359 364.0414821045158 2
315.64464159087663 182.51932881000812 2
254.21000971996057 120.56607560921138 2
104.96218905072733 157.01679619211544 0
165.15588915003732 13.887795624001292 0
135.14840204928737 336.0925524253078 1
138.0129757124301 292.76848982441436 2
241.2462167265023 178.67187397795607 2
307.50189637356436 131.8922704835839 0
317.836642997284 103.7549401418948 1
362.5016096421748 8.778019669769517 0
104.35840412051475 260.3402627019491 2
114.31608945600924 249.22852439192033 1
202.6289832543556 350.4264302647339 2
161.4959694774376 295.3157631088896 0
348.38369312929274 118.21822612076858 0
69.15336534952223 72.06376573772964 0
338.9517224005732 153.2249849578739 0
95.15345943945023 20.986683131667835 2
225.5640128143574 386.6041385454097 2
307.731231602323 69.5772226734252 0
201.05398500029446 371.6452600427495 0
69.9362366073883 371.48448907938496 1
198.97663924527768 164.23796919240485 2
318.7633754913962 32.52427561264825 0
275.38767549031337 279.02851381997067 2
207.55349323817885 253.54522617130962 1
230.99756664329806 29.770992381517726 2
148.69571054606908 326.89102683935744 2
188.03775505906933 155.55369262393137 1
382.954730560562 231.2445307451075 1
8.55439084927906 337.7672720949684 0
15.35353023535267 32.88895739540308 0
215.9762988230468 88.67607912048173 1
284.6501330102996 372.75179330025856 0
373.8947883519835 180.13397710825902 0
108.73482169447404 21.449022600338086 0
292.13407904124097 332.95486830158814 2
111.51348218004112 354.91316895563693 2
205.79775132436245 164.7705070167431 0
275.5301635047919 147.65959585118114 0
55.86843087588318 47.25157500878799 2
382.85073546531765 143.2969161417223 0
165.66732995056768 86.66651727732929 2
127.70577590861684 364.6937157503017 2
59.874843898622565 334.32964041020614 2
274.06513826527237 325.64883710658233 0
103.35919871220617 37.8222948283954 2
57.450082823731016 330.3978989724459 0
323.2470606809431 208.95434699297206 1
354.509643765057 25.526334019501082 1
288.97338549042286 242.6636115982101 2
309.7836743537873 271.36922309421 1
315.3954246339701 179.74006698695914 1
318.6566628895994 27.74939503708864 1
306.1576173236272 124.70084485617974 1
279.0873355340825 390.8834229829997 0
209.18110646137154 282.1450511953957 1
392.304753799813 175.28511351264896 2
148.53173722326406 19.80015071229237 0
76.44022955468614 288.3886091418789 1
365.46532960313675 255.33984958175543 2
25.624575392897093 353.124726332045 0
127.17190817703072 104.72695673523954 2
182.04763404332763 70.14121051207069 2
325.5754518056033 328.59885856182353 0
33.158955405461114 115.14165430254856 1
8.537376808305101 53.256192622405536 2
130.1490822604627 232.51654909356984 0
384.29771089825397 334.3604769196607 1
16.281577447641563 365.54984024833607 2
231.79917263561603 164.72843320602786 1
321.28462401668656 79.21096370920739 1
365.2796877948026 94.6490648588373 2
177.11013681848897 323.9372187152648 0
8.731643371916267 77.2015774931362 1
390.98554008909855 106.76658931739237 0
156.3313821856319 247.90554444332125 0
133.2569945094603 103.90501449420762 0
367.88702907238644 122.87674558456905 1
279.3678950125257 228.7037902275746 0
284.4383628551855 313.6244421673197 2
238.95573860745114 232.89971096200628 0
244.0118713072667 195.61491233047587 2
294.5100215469583 110.14171548805089 2
237.88520780438617 206.97131508900293 1
144.77644741095304 296.4137828714261 0
389.41544136014755 326.3313473242158 2
128.40808653529777 77.52313973359306 2
149.01701810567894 220.40657817405707 0
62.339125699291074 86.2866654820432 2
113.09739063584516 10.18745104611775 2
106.28827452155542 64.3388320921172 1
345.56058936231705 360.8625809351901 1
52.25076829711922 191.67088948823724 2
29.00862205562801 157.2922109421698 2
136.00693444443002 185.29984247437443 1
146.15020097640033 104.13658504331882 1
178.62996249176734 263.7844195352802 2
258.4944187130484 168.77474076011973 0
101.32165224261693 363.7729452969218 0
380.36812619016723 261.8285292459924 0
311.7883885199488 197.23861166425942 2
